499.34001632016685 1.0 2.0 3.0 4.0 5.0 6.0 7.0
509.95416631892215 1.0 2.0 3.0 4.0 5.0 6.0 7.0
508.76933710574815 1.0 2.0 3.0 4.0 5.0 6.0 7.0
499.11409675155454 1.0 2.0 3.0 4.0 5.0 6.0 7.0
501.78658781297844 1.0 2.0 3.0 4.0 5.0 6.0 7.0
474.9433776865837 1.0 2.0 3.0 4.0 5.0 6.0 7.0
518.9087803819459 1.0 2.0 3.0 4.0 5.0 6.0 7.0
506.5072435935027 1.0 2.0 3.0 4.0 5.0 6.0 7.0
522.5859386235162 1.0 2.0 3.0 4.0 5.0 6.0 7.0
475.76408263899833 1.0 2.0 3.0 4.0 5.0 6.0 7.0
501.9095021090209 1.0 2.0 3.0 4.0 5.0 6.0 7.0
506.21002830200104 1.0 2.0 3.0 4.0 5.0 6.0 7.0
467.9633134485757 1.0 2.0 3.0 4.0 5.0 6.0 7.0
495.93138213308384 1.0 2.0 3.0 4.0 5.0 6.0 7.0
496.835215289326 1.0 2.0 3.0 4.0 5.0 6.0 7.0
516.6738110111937 1.0 2.0 3.0 4.0 5.0 6.0 7.0
538.859115095312 1.0 2.0 3.0 4.0 5.0 6.0 7.0
500.1091729689548 1.0 2.0 3.0 4.0 5.0 6.0 7.0
490.90978380869205 1.0 2.0 3.0 4.0 5.0 6.0 7.0
503.6022165617299 1.0 2.0 3.0 4.0 5.0 6.0 7.0
501.8520581577361 1.0 2.0 3.0 4.0 5.0 6.0 7.0
494.70737472659886 1.0 2.0 3.0 4.0 5.0 6.0 7.0
488.1749960153559 1.0 2.0 3.0 4.0 5.0 6.0 7.0
509.5030515693789 1.0 2.0 3.0 4.0 5.0 6.0 7.0
476.77796311997065 1.0 2.0 3.0 4.0 5.0 6.0 7.0
484.48523012752497 1.0 2.0 3.0 4.0 5.0 6.0 7.0
501.4396364023787 1.0 2.0 3.0 4.0 5.0 6.0 7.0
541.2098510143674 1.0 2.0 3.0 4.0 5.0 6.0 7.0
520.0525933097019 1.0 2.0 3.0 4.0 5.0 6.0 7.0
505.7765251026561 1.0 2.0 3.0 4.0 5.0 6.0 7.0
524.8595709068372 1.0 2.0 3.0 4.0 5.0 6.0 7.0
491.61541176082693 1.0 2.0 3.0 4.0 5.0 6.0 7.0
517.8374229087667 1.0 2.0 3.0 4.0 5.0 6.0 7.0
479.55654577285736 1.0 2.0 3.0 4.0 5.0 6.0 7.0
457.6042636844468 1.0 2.0 3.0 4.0 5.0 6.0 7.0
472.2881326131135 1.0 2.0 3.0 4.0 5.0 6.0 7.0
502.0167594560338 1.0 2.0 3.0 4.0 5.0 6.0 7.0
544.7539860123134 1.0 2.0 3.0 4.0 5.0 6.0 7.0
490.02144879920945 1.0 2.0 3.0 4.0 5.0 6.0 7.0
504.7973999528395 1.0 2.0 3.0 4.0 5.0 6.0 7.0
512.9365281957795 1.0 2.0 3.0 4.0 5.0 6.0 7.0
493.69200805271663 1.0 2.0 3.0 4.0 5.0 6.0 7.0
498.1121943534966 1.0 2.0 3.0 4.0 5.0 6.0 7.0
482.14852254239355 1.0 2.0 3.0 4.0 5.0 6.0 7.0
500.0783243136141 1.0 2.0 3.0 4.0 5.0 6.0 7.0
483.07711501349655 1.0 2.0 3.0 4.0 5.0 6.0 7.0
497.8963466716831 1.0 2.0 3.0 4.0 5.0 6.0 7.0
497.2465277905377 1.0 2.0 3.0 4.0 5.0 6.0 7.0
487.2498293177698 1.0 2.0 3.0 4.0 5.0 6.0 7.0
448.68542379255587 1.0 2.0 3.0 4.0 5.0 6.0 7.0
506.9044762262226 1.0 2.0 3.0 4.0 5.0 6.0 7.0
533.7348366972781 1.0 2.0 3.0 4.0 5.0 6.0 7.0
508.8107922759968 1.0 2.0 3.0 4.0 5.0 6.0 7.0
496.97350893154703 1.0 2.0 3.0 4.0 5.0 6.0 7.0
508.45728169334245 1.0 2.0 3.0 4.0 5.0 6.0 7.0
509.78171218575113 1.0 2.0 3.0 4.0 5.0 6.0 7.0
495.9746401438985 1.0 2.0 3.0 4.0 5.0 6.0 7.0
514.3214254908937 1.0 2.0 3.0 4.0 5.0 6.0 7.0
517.9980822589617 1.0 2.0 3.0 4.0 5.0 6.0 7.0
514.5111679041547 1.0 2.0 3.0 4.0 5.0 6.0 7.0
510.03560636979154 1.0 2.0 3.0 4.0 5.0 6.0 7.0
501.6944637111588 1.0 2.0 3.0 4.0 5.0 6.0 7.0
496.61802690014724 1.0 2.0 3.0 4.0 5.0 6.0 7.0
512.2156489063598 1.0 2.0 3.0 4.0 5.0 6.0 7.0
509.22270235536837 1.0 2.0 3.0 4.0 5.0 6.0 7.0
477.82345509728026 1.0 2.0 3.0 4.0 5.0 6.0 7.0
476.11600263054726 1.0 2.0 3.0 4.0 5.0 6.0 7.0
474.45817737065744 1.0 2.0 3.0 4.0 5.0 6.0 7.0
520.467109881751 1.0 2.0 3.0 4.0 5.0 6.0 7.0
465.7245677274106 1.0 2.0 3.0 4.0 5.0 6.0 7.0
508.70539209295987 1.0 2.0 3.0 4.0 5.0 6.0 7.0
510.7728799184243 1.0 2.0 3.0 4.0 5.0 6.0 7.0
483.4293914766892 1.0 2.0 3.0 4.0 5.0 6.0 7.0
491.28029074260246 1.0 2.0 3.0 4.0 5.0 6.0 7.0
495.9494377883425 1.0 2.0 3.0 4.0 5.0 6.0 7.0
507.5384850145893 1.0 2.0 3.0 4.0 5.0 6.0 7.0
464.3182593086372 1.0 2.0 3.0 4.0 5.0 6.0 7.0
498.39637952745636 1.0 2.0 3.0 4.0 5.0 6.0 7.0
493.71858412535835 1.0 2.0 3.0 4.0 5.0 6.0 7.0
502.7378287472124 1.0 2.0 3.0 4.0 5.0 6.0 7.0
518.3494014432579 1.0 2.0 3.0 4.0 5.0 6.0 7.0
542.6783409687173 1.0 2.0 3.0 4.0 5.0 6.0 7.0
499.2082845940646 1.0 2.0 3.0 4.0 5.0 6.0 7.0
506.34457702723205 1.0 2.0 3.0 4.0 5.0 6.0 7.0
551.6075736015382 1.0 2.0 3.0 4.0 5.0 6.0 7.0
527.661632813077 1.0 2.0 3.0 4.0 5.0 6.0 7.0
518.6608182808691 1.0 2.0 3.0 4.0 5.0 6.0 7.0
513.5359836162552 1.0 2.0 3.0 4.0 5.0 6.0 7.0
493.78181209251983 1.0 2.0 3.0 4.0 5.0 6.0 7.0
476.06507529204964 1.0 2.0 3.0 4.0 5.0 6.0 7.0
524.7970976250799 1.0 2.0 3.0 4.0 5.0 6.0 7.0
505.91809920373436 1.0 2.0 3.0 4.0 5.0 6.0 7.0
512.2845759154967 1.0 2.0 3.0 4.0 5.0 6.0 7.0
502.67687907675196 1.0 2.0 3.0 4.0 5.0 6.0 7.0
438.3169767748005 1.0 2.0 3.0 4.0 5.0 6.0 7.0
493.0638603088557 1.0 2.0 3.0 4.0 5.0 6.0 7.0
482.97176389738877 1.0 2.0 3.0 4.0 5.0 6.0 7.0
515.6872983413637 1.0 2.0 3.0 4.0 5.0 6.0 7.0
554.5602923464851 1.0 2.0 3.0 4.0 5.0 6.0 7.0
499.3139250362214 1.0 2.0 3.0 4.0 5.0 6.0 7.0
