315575.495
4867.606
4167.414
78047.493
5880.688
44190.961
28225.921
17011.542
2211.827
3520.353
2471.448
2482.617
15578.23
119150.295
10996.044
64552.581
198901.469
546531.158
55538.505
11005.069
4015.32
51537.269
2104.435
2559.385
1342.185
1771.97
1554.27
52149.178
2192.8
4297.721
2197.733
5335.897
29503.99
2114.052
12403.511
4506.494
5166.209
97333.262
8493.259
9940.223
11265.637
8208.032
22746.333
73049.074
34041.157
43509.361
4287.462
30587.466
23261.783
7110.295
8760.885
5132.467
4096.039
1216.142
4334.01
1627.353
1726.951048951049
1694.222
1199.7692307692307
1573.915
1658.08
3766.712
19356.831
3799.046
1868.257
1113.624
10287.395
1785.925
1318.688
1341.7
2284.2
3160.155
1047.974
5062.614
1993.42
1439.932
1812.733
2070.986
2034.979
2117.817
1673.188
1838.048
15358.922
1910.011
4532.23
1806.406
2209.601
2997.944
2014.96
3599.92
3413.467
3116.989
2087.496
2530.826
1941.711
3179.551
2797.176
4389.033
12817.412
43576.566
2359.998
2679.009
3828.456
2356.828
2790.668
2314.896
1896.222
2148.596
3308.273
3791.864
3727.226
2876.721
3048.253
5579.131
1915.188
1384.429
3808.647
1982.639
1612.457
2133.252
2054.178
5945.928
1472.479
4570.833
1462.739
8519.981
1404.479
1348.007
1134.496
2255.524
1178.283
1752.27
1443.655
2592.769
1110.388
1625.271
1718.405
1548.415
1341.112
1349.715
1706.758
1415.929
1790.534
1395.646
1081.036
1671.781
6364.746
16990.964
2135.385
4442.274
2099.115
1884.017
1905.907
2785.997
1662.817
2113.485
5064.518
14274.562
8834.762
2228.291
2385.254
10855.831
1928.122
3175.894
6632.668
1838.073
1684.984
2611.489
6091.247
1688.352
2240.038
2284.026
2314.21
1676.301
1693.298
2597.939
5135.722
1489.506
1729.352
1081.73
2478.034
1262.699
3120.176
1152.646
2862.597
1387.522
34549.13
7629.254
1212.94
1019.004
16127.938
1243.453
905.86
1757.816
1092.946
1250.941
1084.508
1258.678
1405.934
1557.322
1416.141
1137.916
1342.085
2238.05
1489.353
1579.268
1560.16
5016.317
1830.164
1641.525
1950.619
1753.876
2852.164
6387.993
1798.973
2315.06
14785.643
10138.965
13004.628
2040.163
1948.765
2206.567
2529.667
2131.656
1717.665
2398.98
2127.001
3593.316
2633.967
2010.522
2749.851
2039.164
2392.084
3646.469
2021.885
3932.053
2705.991
1392.592
1640.335
1456.812
1667.584
1299.623
1317.227
1752.633
18165.226
2948.18
2603.731
1237.503
8090.408
1008.008
3513.603
1341.464
1218.726
1907.287
1590.569
1369.973
1402.293
1573.011
1780.039
1818.517
1465.425
1491.266
1477.931
2379.756
5925.555
2670.442
1395.288
911.985
2231.758
1191.471
1436.218
9996.681
1526.911
1090.409
1864.821
2301.787
1931.295
2318.563
2419.048
3335.131
2674.141
1903.851
1946.425
11609.571
2136.191
1763.719
1910.198
2114.151
2237.081
2456.095
2673.962
4919.072
2950.581
12829.081
2291.019
8380.072
2001.125
2136.345
2106.889
2486.283
1627.464
4864.562
2078.614
1874.811
5348.104
45592.038
5907.825
1398.539
1727.518
1013.182
1020.936
1778.965
1161.87
922.129
1147.782
1719.716
7208.035
1395.376
11741.071
2919.675
1749.514
1027.145
1088.555
3209.668
26896.472
1075.123
1284.792
1095.229
1109.789
1419.166
1418.279
1686.864
1780.683
1802.559
2853.756
3517.937
1154.747
1685.26
1268.756
13284.049
2928.166
7775.818
1166.019
1971.803
1792.454
2360.575
1384.967
3709.776
1595.648
2035.72
1297.095
6327.711
1231.87
4380.301
1980.983
2733.476
2271.758
1698.51
29948.525
30947.923
3486.221
2223.763
1913.556
1829.749
2004.888
1933.135
1757.332
2028.095
2566.828
11662.062
1932.76
1768.48
2549.165
3019.55
1822.341
1824.369
4563.54
2695.028
9100.171
2534.729
1880.672
4386.978
1973.059
1424.078
1751.546
1488.187
11305.528
1231.074
1141.925
896.38
2100.489
1355.958
1297.962
2017.101
1043.09
1161.13
1522.144
11215.934065934065
1048.633
1146.492
1242.697
1661.906
2970.057
8502.657
2078.531
7591.252
1606.83
1267.972
1291.033
1328.406
2236.202
1013.416
2051.377
1076.853
21841.722
4997.228
1384.978
1614.8
1405.094
1872.733
1883.568
1291.484
1938.998
2734.479
1860.13
2127.533
1382.672
1623.765
2476.284
1966.347
1902.353
4346.287
2917.862
2668.795
3149.631
2433.928
20700.393
1617.838
6731.85
2366.788
1682.186
2421.001
2901.716
5512.387
5401.461
2480.88
3398.516
3468.095
1843.094
2322.757
2849.151
1706.23
2093.13
2893.942
2308.635
1836.873
2859.242
2209.731
1634.845
1676.082
1245.804
1352.671
1794.131
1480.051
4635.503
1383.146
1019.058
1215.82
1190.039
1590.928
7827.214
8597.818
4222.621
2356.756
1162.486
1816.635
1376.162
1376.905
1273.623
1740.615
1952.885
1484.1
1116.587
1151.19
15377.062
1377.415
1005.555
963.112
1470.577
2061.546
1453.661
2087.146
2828.581
2832.857
4430.154
1223.073
2726.307
3502.471
1287.689
1029.134
1778.763
1370.93
1834.101
5042.325
1745.888
1744.525
1734.171
1715.978
2626.482
2387.504
1660.817
1825.399
1732.173
1587.619
16402.826
3419.661
2856.724
2171.415
2575.424
2685.528
78857.859
8950.245
2301.136
1968.96
1567.956
1163.718
29625.581
1061.454
972.932
1424.337
1268.106
1493.692
1657.356
1291.505
1142.725
1395.568
1276.727
1291.648
2062.54
1264.639
1265.914
8578.497
12173.53
8636.16
2284.919
1674.952
1021.439
1897.562
1408.508
2850.495
14438.356
1440.036
1268.521
1536.567
3760.595
1130.615
1422.242
1052.047
1165.949
1682.109
1034.438
1304.851
2105.313
2964.046
88562.433
1710.577
1565.993
1193.543
1512.984
5419.139
1760.988
1627.366
2620.424
2646.725
2242.262
2150.479
6547.883
2994.716
2120.044
2320.56
1929.923
1901.334
2473.696
1690.631
2149.531
2615.849
2068.48
2658.606
1701.147
2311.361
4455.356
11324.209
4948.119
1346.368
1572.785
2147.381
1425.177
1807.561
915.868
4883.629
1519.792
1526.379
2174.327
5202.029
21573.65
1817.602
17285.3
973.232
1314.092
1579.029
987.154
10208.205
4184.154
1056.827
1383.884
1058.887
1119.756
5135.44
890.289
1464.939
1340.628
1683.444
2068.904
1622.112
1900.54
2462.683
1973.183
1576.081
1344.338
11235.427
1088.599
2176.215
1366.273
11615.994
1107.503
1409.555
1461.47
5376.045
1458.223
1218.023
960.603
1275.372
1562.338
2112.855
4643.946
2712.561
3394.116
2394.51
2748.407
2190.082
3225.0
4299.147
9050.662
3834.895
3060.44
2536.376
1684.857
1834.498
2188.511
2052.979
2034.486
3416.941
2474.506
1639.27
5514.324
1787.723
2197.002
1846.98
3193.705
1997.468
1654.877
1583.084
1670.065
3154.61
3415.652
3426.68
6130.016
1502.095
1732.327
1632.206
2301.13
1302.626
1681.392
1504.377
2145.978
1650.458
1684.711
17549.382
4322.539
5747.438
2341.687
1638.215
1047.845
1492.721
2644.006
2188.597
3220.515
2139.694
5750.81
1101.325
1551.137
7627.101
1646.336
3839.081
1563.709
2113.037
1987.704
2390.412
2255.828
1564.479
2885.012
8304.031
1106.269
2475.45
1237.492
1139.599
1386.306
1153.339
1215.426
1387.279
1077.165
1691.348
2310.154
1731.092
1990.825
1790.229
1530.366
2169.182
2757.761
5161.661
1789.341
2292.207
2626.049
2306.268
2778.033
2592.651
2595.978
5009.217
2416.882
2783.295
2185.231
2172.848
11795.545
11448.14
2414.662
1904.723
1624.899
1436.829
1772.393
4401.488
2120.679
12882.792
1534.935
2100.464
1286.71
1263.361
1196.189
1166.113
1301.521
1117.939
1840.694
10129.525
15921.49
1056.458
1135.183
6670.391
1905.31
1700.426
1842.332
1756.388
6086.94
1539.757
2322.257
5097.911
1674.804
1523.705
901.517
1063.352
3445.146
1275.858
1114.085
1330.037
1217.365
1494.287
3606.607
1238.088
1416.052
2361.64
1320.707
5575.969
5343.422
1914.226
1806.451
1701.063
20843.81
1344.274
1358.551
1461.307
1546.991
1551.224
1573.449
1296.992
42073.979
2589.906
2194.519
2119.945
2655.776
1670.033
1611.704
3117.841
5808.093
40776.028
23371.665
3436.532
3134.983
2284.742
2469.963
3188.341
1993.455
1800.39
1708.084
1819.151
1842.411
2728.319
1801.378
1689.648
6020.499
2207.125
2681.188
5276.118
2512.676
2448.082
2134.48
42095.237
5033.519
969.12
1012.445
1162.389
1368.102
1719.962
1506.694
5890.869
974.566
1475.261
1626.901
1472.804
1417.614
1175.266
1345.261
1333.529
1460.612
1297.526
1033.217
1787.941
41603.506
5165.483
1158115.462
6435.994
2200.367
1404.047
1340.2
1274.222
1302.259
1067.714
1045.673
950.263
4153.903
4654.13
2206.147
1081.207
1432.581
1434.091
23017.098
3110.956
1785.536
1679.824
1955.688
1706.319
1505.515
1499.76
1266.566
1566.18
1783.972
2644.317
6564.582
1107.585
1874.236
2455.746
1758.555
2494.623
2630.543
2354.04
2313.872
1757.12
8034.893
2438.993
2349.319
1697.507
1514.876
2556.457
2338.358
3060.557
3449.572
2537.144
3478.239
1702.418
1984.426
1977.945
2321.14
3600.855
1884.964
2643.485
2147.699
2716.913
1925.856
7557.593
46143.951
300030.147
1866.168
2035.81
15678.445
1285.975
1083.912
1169.525
956.379
1374.032
1666.203
1199.198
1703.154
1425.933
1116.168
1449.565
4171.124
1359.87
2288.518
1348.261
2110.789
1067.054
1667.232
1402.533
2395.483
1654.376
1558.809
1355.941
1488.332
950.428
15851.103
1722.2
1294.121
1033.207
3880.791
1364.352
2091.449
2808.732
1627.038
1279.608
1033.746
1376.644
5907.211
1064.881
1026.587
1221.013
6586.91
1111.867
1423.99
1532.754
1188.452
1821.351
2373.444
1814.673
2450.879
2166.548
2600.787
2516.197
4181.959
9463.803
6772.276
3176.723
2237.035
2140.238
2430.001
2506.846
3477.35
2096.304
4446.039
1697.193
2252.745
1794.892
2266.001
2579.119
2542.008
1938.528
1686.764
1106123.203
2970.232
2265.414
4907.159
7425.334
5260.191
964.357
1247.359
3694.397
1666.32
1508.293
2729.639
1370.742
1430.055
1253.189
2409.874
1995.438
1758.035
1459.843
1485.001
1291.711
1227.863
1419.216
1656.302
1302.351
1705.099
30816.135
1419.095
1484.223
1387.615
1766.156
2103.12
1735.864
1327.664
2691.259
1506.922
1435.807
2230.462
1257.937
24397.455
2243.704
1660.495
1469.671
1496.463
1404.773
1332.382
2264.157
4772.882
9387.745
1554.829
1043.732
1354.381
2098.055
1828.196
3715.786
2012.022
14702.999
2306.599
5113.343
5784.766
29168.061
1792.163
3072.322
2603.772
3056.869
2441.234
23592.183
2019.942
13043.188
11526.082
2738.408
2338.539
1934.513
3403.629
3664.531
2404.398
2404.291
2392.338
3207.051
2382.83
1713.165
2975.127
6065.803
2100.487
1283.487
1307.915
1060.264
1470.516
1316.913
1044.187
1161.464
1494.828
2846.666
1603.979
1081.796
6699.02
1443.93
1433.213
1009.551
2684.937
1717.255
991.709
1073.611
871.432
2881.854
1573.158
6007.948
1421.436
1062.233
1387.884
1620.2
2347.448
1282.083
1045.117
980.61
1914.833
1652.504
1027.131
1562.086
1141.782
1491.988
1815.726
1761.702
1608.239
1416.701
6639.092
9568.528
5794.074
4278.493
1172.236
1440.45
1461.21
1290.626
1382.503
1695.249
1240.066
4552.829
8853.878
2288.526
3177.285
6583.696
1919.182
2110.132
2944.72
1908.72
2295.741
2276.124
75333.572
7460.492
2643.993
2597.028
3014.43
2744.575
10142.366
1938.086
19230.74
1481.421
1905.507
1982.161
1674.245
3123.287
2650.031
2331.833
5966.224
2020.547
51229.835
45373.564
8531.631
982.573
4440.305
1764.836
1516.919
1956.347
1319.958
1113.573
1026.902
1471.362
1259.713
1552.956
1423.048
1787.883
1514.462
1821.968
1659.145
1247.286
7167.739
2177.745
1455.055
5027.738
1292.189
1385.853
1403.505
1954.202
1385.761
1159.638
1307.871
1247.112
1493.594
1219.44
2206.409
2258.412
1687.136
1629.647
1867.815
2276.121
1897.794
1522.742
2037.885
4675.301
9358.501
8448.825
1060.922
1362.051
1786.895
1488.374
1416.512
2283.054
1025.217
1597.01
1640.051
1642.65
1519.619
1597.491
1938.906
1938.523
1732.561
8031.226
2543.736
2331.682
1838.497
2065.717
35264.755
14265.712
2030.397
3694.517
2558.04
3479.31
2775.762
19822.147
2094.565
2117.955
2171.664
1925.592
1895.542
2116.293
2989.393
2625.149
2384.331
4147.998
1803.309
1991.782
2211.917
2625.082
11803.906
3845.111
1354.563
1464.798
7537.777
1284.408
961.092
1248.493
2893.483
1581.537
1136.335
1066.938
1916.116
4848.499
2423.792
1333.427
3616.228
14995.681
1360.671
1403.318
1406.689
1297.62
1167.958
6541.924
3308.197
1201.71
1435.106
1101.826
1498.93
1526.512
1679.941
1693.571
1644.738
1925.699
13459.329
23332.556
6571.377
1959.423
1666.722
1836.126
4034.867
1593.758
1550.911
1644.508
1232.832
1010.735
1203.425
1637.785
1328.754
1742.623
1901.233
6442.771
1917.872
2269.792
2359.394
2182.798
5547.081
6731.122
4050.43
2859.532
1865.882
2492.487
7390.307
3954.964
2746.077
1927.795
2015.423
1570.43
2284.603
2029.393
10522.799
14496.436
2815.1
2334.68
1864.352
2029.375
1559.162
1602.456
10428.752
2188.886
1404.152
1316.768
1002.988
1644.513
1641.397
1084.094
1470.449
1275.631
1328.629
3353.713
1122.692
1363.64
1185.541
1145.377
1720.749
1327.213
1385.878
2209.964
1710.35
4903.241
5286.033
2069.42
1373.694
1726.404
906.846
1687.874
1149.993
1449.755
1632.071
3363.282
3251.556
1746.976
1595.483
1772.044
1166.948
2772.611
5430.541
4259.621
1634.176
1091.542
1274.674
5213.853
1872.486
10290.159
12094.954
1512.845
1687.96
1434.049
1327.282
1519.587
3214.69
2385.453
7163.79
1809.349
2247.354
3409.041
1718.388
11283.128
3181.944
14527.566
2059.073
9178.727
1973.649
2155.237
1597.272
2107.817
2356.565
2477.846
2573.945
1989.363
1862.523
2520.403
2106.839
2680.224
2656.396
2597.871
2424.923
2734.351
2231.456
15303.718
2111.308
10983.691
1143.415
985.065
1301.281
1398.455
1468.437
2029.843
4225.595
2154.851
1504.132
1859.142
1127.479
1162.558
1388.611
1910.204
1302.728
1124.792
1612.467
7222.107
4166.453
2632.076
2911.323
2956.413
4217.423
1413.247
1785.095
1525.403
1433.644
1351.054
1256.034
1357.238
1254.465
1115.769
1241.809
1304.322
1411.045
1327.576
1088.715
1310.593
1658.83
1755.036
1980.112
2328.168
3282.365
2270.616
1371.22
1450.431
1395.004
1133.765
12394.216
4923.649
1227.671
1355.134
1427.787
1312.82
1535.54
1264.598
2564.093
2443.126
2765.765
2158.043
2342.713
1653.531
1735.998
1517.596
1897.479
1841.631
1544.107
1437.428
1589.468
2316.866
2171.996
1539.78
2335.515
2546.923
1568.602
1985.401
3276.472
2498.963
11986.219
19455.119
3383.273
1445.215
1536.974
2108.718
2490.694
1244.139
804.601
1337.698
942.706
1011.337
1772.606
2115.75
1702.125
1248.797
1473.66
1269.31
1597.686
1298.979
1485.309
2772.461
13248.799
2903.435
1506.765
1288.445
1171.897
5672.468
1335.521
1315.259
1931.293
1642.729
1073.322
917.924
1279.143
1766.763
17332.396
2615.888
1097.471
1046.313
1333.24
1383.689
1256.858
2789.616
6957.0
12844.458
2099.784
1616.789
1604.677
1801.293
1824.331
1381.428
1265.051
1497.858
6923.055
1885.192
1294.748
2465.629
8685.502
2043.334
1715.775
2489.365
1707.101
2719.359
1794.126
10476.838
21057.607
4844.484
1924.583
2088.719
9201.51
2671.948
2406.521
2640.518
3452.564
2347.509
2746.292
2466.967
2312.691
2068.326
2198.529
2167.07
3202.803
2414.165
2895.116
2328.419
2481.22
29548.637
9929.588
4421.796
12817.852
1302.701
1254.402
928.488
1669.21
1563.291
1652.959
1278.224
1476.611
1469.581
1958.015
1894.82
5171.877
47206.331
9602.995
1557.072
1349.078
1810.905
1432.736
149872.082
1813.985
1560.599
1622.315
1549.187
1995.977
1256.281
1450.942
1121.429
1303.627
1146.061
1946.402
1376.805
1164.9
1168.592
1863.46
19032.307
997.332
2184.73
1159.393
928.448
1012.419
2604.972
1641.125
1648.275
1716.669
1523.476
1601.271
2131.375
1458.77
2199.62
2660.788
2419.568
2356.041
1806.769
2577.655
3609.631
5666.334
2838.692
1892.829
1943.681
2065.863
2139.764
2303.002
2150.764
2427.032
1984.83
16987.523
3914.074
2692.929
2489.019
2608.468
2371.157
2889.502
2189.877
2285.657
1960.725
2873.351
2053.614
32534.215
2918.366
2978.179
2469.307
1762.565
1599.459
1429.296
937.135
2874.436
1254.455
1212.131
1487.684
1279.635
1565.473
7443.92
1631.286
1341.1
1404.622
2248.511
1635.181
1379.773
2044.469
19549.872
2546.025
2302.919
1525.609
1261.747
4817.896
1837.929
12359.453
1154.848
3200.138
1673.057
1707.994
2082.945
1319.876
1418.858
1055.169
1227.681
1710.246
1817.22
1232.316
872.051
1030.96
1812.267
4373.722
1594.116
7655.264
1956.467
1393.779
1532.776
1448.214
1411.869
10202.528
2879.643
2121.944
3498.308
1886.049
2063.208
2092.879
4078.274
3054.828
2600.635
4864.924
1784.445
2363.088
2351.079
7182.881
2188.486
1780.631
1947.162
38146.557
2039.763
1683.989
14964.167
1817.697
2350.576
3107.285
2714.468
2506.962
2263.63
2293.101
3694.599
11661.963
14581.9
1885.082
3687.333
2321.984
1571.668
1405.962
2004.201
1791.347
23215.476
16412.951
920.763
1008.564
1673.132
2057.897
1271.36
1364.071
1525.569
1402.954
1183.424
3790.957
1616.967
3186.288
1050.332
1051.66
1940.309
1960.82
4664.324
1585.576
1899.669
1500.627
1653.537
1669.144
5290.456
1357.351
985.624
1641.676
1119.512
1130.902
1289.026
1130.621
1063.136
1238.339
2288.715
2817.567
2198.406
1713.732
1456.009
1304.134
1631.414
1890.02
1688.193
1347.25
1222.803
1445.624
1604.94
1441.974
1466.519
2430.958
2985.772
6996.917
2544.808
1644.698
1825.852
6179.322
41368.277
19730.678
2339.842
1985.25
2726.747
2665.008
2236.578
2016.918
2111.238
2548.108
1813.478
1812.308
1637.033
1816.676
5466.519
43592.087
8458.815
1710.735
933.024
1823.211
1480.584
1111.343
1422.165
1979.703
2632.605
1333.715
1402.883
11426.092
10290.106
4850.805
1715.95
1733.352
1199.799
1594.159
988.352
3631.422
1399.333
23306.578
1275.167
1170.875
968.712
1224.398
1429.448
1716.167
1737.993
1388.006
1614.751
1676.927
1536.647
1351.18
1452.933
2737.485
1562.794
1149.587
1329.513
2741.289
1765.315
1895.703
4228.868
37520.503
3216.272
1591.124
1628.045
1854.543
1547.443
1932.317
1730.007
1451.461
1658.548
2157.286
1812.587
1795.619
2823.409
1585.009
8202.938
3004.227
2004.534
1634.143
2050.092
8597.947
54580.761
5272.721
2969.449
2480.335
2228.374
2317.165
2417.374
1537.927
1494.839
2433.97
1544.206
2739.815
1939.005
2377.872
1806.607
1926.064
1983.226
1804.604
2066.504
1749.5
2300.87
2253.613
39393.682
17952.244
1504.614
2015.277
1101.894
1709.705
1257.273
1364.988
2441.633
22178.279
1013.582
2393.217
1533.781
1361.1
1283.111
1576.075
1176.003
1381.21
2693.401
1731.001
1181.804
1861.663
1428.744
1673.352
1384.994
1776.878
1908.088
9080.455
1139.488
1569.002
1741.766
4489.286
2022.543
1098.945
1611.705
1115.958
9397.516
1581.621
1708.54
1316.35
1584.17
1245.715
1295.323
1586.514
2246.703
1298.182
1619.944
2779.888
1593.921
1542.249
6350.332
2284.409
2532.179
3281.03
3398.44
2917.637
2910.159
2154.809
3266.604
1703.739
2196.307
2237.282
2389.716
3287.455
3576.119
1971.954
3698.052
3291.179
2175.968
2201.064
2583.785
2917.602
2112.489
1916.964
435780.062
6918.541
2372.044
1818.562
2390.403
1759.66
17707.766
30113.212
3630.577
1385.175
2032.368
1535.898
1700.458
1451.526
1280.467
1723.364
1404.225
2159.984
4704.554
952.775
1195.027
1295.535
1249.782
1742.917
1321.413
1410.442
1328.098
6746.29
7100.459
1632.21
1111.438
1269.781
1636.823
2531.736
1289.419
1786.849
1886.739
2413.495
1416.414
1719.181
1502.744
1455.276
1033.49
1355.128
4603.05
1549.692
864.717
2105.539
1872.549
13609.299
4175.664
1591.935
1269.564
999.879
1027.868
1682.77
1072.248
1268.65
1370.844
1859.132
1617.955
1923.94
1654.204
2375.805
2652.465
2303.232
2015.007
4712.804
14403.682
3687.472
4796.799
9142.562
8802.082
13872.394
2500.001
2877.92
1657.662
3007.911
3247.318
1967.845
2720.136
1871.618
1561.864
1805.179
2360.288
5318.017
2200.883
2389.296
1848.053
2643.932
21070.451
2377.128
1300.336
980.405
1066.253
1243.753
978.582
1127.759
999.243
1042.284
1155.178
14661.082
1705.09
2938.311
3381.667
1304.632
1309.022
5370.75
1455.525
1492.274
1568.988
1316.212
2347.571
2450.91
1366.809
2261.089
1322.474
1129.834
1068.764
1225.498
2165.581
1529.68
1553.17
1413.974
1490.791
1376.849
1264.887
1136.998
1505.95
1906.436
5908.217
3453.998
1225.695
2375.351
27036.87
8371.11
7298.865
1124.314
1762.451
1555.051
2682.77
1372.553
1392.034
1393.191
2307.032
891.785
1155.626
6692.863
1289.537
1703.251
2813.073
2392.545
3620.942
2153.181
2319.613
37857.783
13907.353
17993.252
3990.948
10755.483
1912.849
1793.367
6438.56
1934.236
1625.288
2418.624
2435.029
2167.984
1979.591
1928.442
2013.003
2635.128
2980.224
2186.032
2183.225
2271.289
3319.981
2165.172
1125.04
1076.651
1206.958
1071.52
1889.838
1446.544
1513.273
1909.603
1643.774
1384.897
1480.278
2271.176
1813.592
1427.026
1940.026
37029.165
3302.701
1378.175
1593.865
1156.182
1172.203
1533.72
1017.865
1952.053
1162.338
1030.65
1139.43
1119.967
1936.637
1687.465
1703.946
1815.462
2680.682
1292.502
1414.159
1600.218
1606.322
19472.412
1755.041
2048.98
1681.714
1660.498
1675.876
1438.985
1566.435
1386.061
1396.294
1285.924
1395.928
1873.24
1730.663
1873.951
1929.264
2234.403
2202.467
2756.844
2124.812
2965.439
9724.34
8522.584
7298.205
4590.668
2733.047
13687.109
2224.114
11887.067
2233.935
1593.277
2480.296
8248.031
3200.728
2347.887
1823.006
1735.264
1954.387
1945.916
5901.896
1831.859
2478.193
2651.962
2728.957
16286.631
2380.21
1063.621
1108.566
3981.596
1028.092
1013.764
1707.113
1662.026
5984.234
2027.179
1542.225
1822.29
1376.66
16931.132
2388.493
1334.151
1060.72
1490.98
1610.895
1261.035
2609.079
5717.496
4599.344
2681.953
2489.732
1116.381
1556.066
1171.211
1316.786
1276.255
1307.004
1143.998
1214.755
1214.55
1451.305
1183.042
1406.914
3119.284
19272.573
4199.926
1742.716
1445.071
2221.805
1430.319
956.687
1665.105
1168.799
1216.43
2616.351
1681.745
1168.236
1045.279
1485.74
1661.671
3749.964
13615.03
2407.612
2567.209
2479.82
2045.115
13991.367
5741.182
4010.9
2097.183
2879.422
2194.087
2020.808
2370.117
2536.028
2277.439
2644.92
1979.006
15964.183
2138.966
1999.263
3561.305
2688.272
2600.521
3340.529
5616.641
2252.229
1840.509
1787.904
7621.188
31055.723
2285.111
948.594
1348.657
1512.406
1493.25
1331.278
1285.14
1092.211
967.009
1264.563
3918.217
1494.822
1081.271
11246.74
1211.865
2023.734
1820.008
1352.766
6907.397
2083.555
2109.803
4046.202
61743.746
1599.163
1338.235
1733.561
993.647
1505.516
1194.263
1348.789
1218.763
1163.015
1306.936
1481.31
1078.441
1080.703
1181.829
1072.854
1750.309
21908.596
1235.853
1189.292
7639.471
9801.252
2144.971
2261.199
3180.921
2420.909
5545.155
1067.508
1245.844
865.797
1450.783
4075.414
1062.406
1381.747
1620.313
949.071
1735.966
1972.314
4091.551
2191.016
1830.089
2030.698
3007.514
1830.186
2302.134
2693.212
9228.127
2443.554
2654.297
1954.111
2003.506
1888.051
2051.907
4074.076
2559.191
1468.397
1476.539
2130.319
1286.317
932.554
1297.044
1580.413
1353.45
2014.668
1241.678
1417.535
1920.044
1790.894
943.293
956.604
1289.757
4496.933
1453.421
1442.695
2333.57
1814.698
1684.943
2233.012
1442.808
1408.32
1446.696
1522.346
2061.188
997.001
946.826
1163.19
1070.96
3044.84
1106.676
1817.305
1085.267
1134.721
1207.422
1329.122
1417.19
1276.087
2273.422
10087.817
2074.217
1939.643
1145.129
1134.927
1273.291
1122.013
1728.603
1470.292
1570.954
1689.378
2160.651
1552.543
3218.712
1257.237
1523.865
1575.957
1624.625
13505.185
1702.731
1640.866
1866.916
74761.683
10056.724
3300.873
9209.744
1917.378
2236.829
1901.065
2028.774
2243.489
1744.911
2354.476
3052.612
2186.163
2393.145
1949.88
2627.524
2946.26
2250.858
2165.262
1864.355
2155.594
8284.099
9761.931
17860.458
1520.575
3530.242
1376.442
2851.228
1351.954
2513.927
1242.56
1242.922
1438.967
1324.822
1113.813
1647.423
1681.474
2766.415
93134.299
6676.691
1782.081
2238.2
1473.062
1424.523
1694.155
1356.462
2383.62
1461.302
1129.564
1404.77
1314.444
1055.19
1020.639
1020.181
4781.281
1835.266
1522.353
1274.701
1455.504
2111.53
28575.676
2551.53
1465.495
961.762
1334.729
1826.691
2903.964
1733.827
1636.375
1853.568
1401.581
1880.865
2111.878
1203.408
1901.409
4611.731
2258.896
2003.241
2358.211
2702.695
2223.161
17835.537
63795.742
2933.673
2136.717
1933.29
2536.865
2015.271
1739.068
2265.442
1769.979
1678.471
4271.016
1816.658
2576.252
1636.28
2495.166
2650.858
3319.237
1824.17
2477.38
2000.115
2134.862
22783.12
3881.281
45989.335
1675.931
25944.281
2068.268
1791.727
1622.976
1360.675
1996.991
1527.87
1545.979
1861.248
1660.822
1492.586
10044.85
1369.444
1697.975
1141.177
939.313
10679.458
1630.05
27991.871
13309.437
1991.874
2091.127
1322.996
1307.437
24211.163
1206.399
1560.16
1167.574
1555.422
1082.152
1708.369
1097.525
3093.221
2079.523
3094.351
19271.764
5450.262
1744.68
1445.765
1156.783
1113.585
1389.196
1290.718
1132.018
1118.579
1432.915
2023.608
1243.873
2494.044
1469.788
2329.519
10111.869
1650.125
5844.256
3244.149
2386.488
2889.609
44708.291
79135.331
12957.319
11736.739
2409.58
1985.338
2586.594
1994.227
1955.099
1763.275
1634.657
2194.118
8838.487
2382.018
2483.437
2441.117
3049.043
2783.797
2693.069
2230.558
1688.359
1702.328
25543.114
7746.946
2343.09
1006.378
1037.101
1169.98
1622.687
923.82
5563.374
7090.694
2454.089
7040.655
2788.956
1195.851
975.918
1631.775
3681.19
1023.8
884.426
924.373
1332.96
1790.663
1917.875
1921.319
1763.701
1477.202
1282.952
1248.073
1945.86
1717.525
1348.952
1855.565
1900.502
17496.068
1430.668
1185.335
2112.916
1144.251
3329.41
1891.48
6548.333
1687.253
1351.272
1253.604
11099.569
1624.133
1542.375
1012.019
1291.899
1594.77
1384.412
1380.636
1135.167
1873.53
2462.588
1719.616
1338.862
1780.474
1195.352
1324.568
1681.725
5432.484
2441.303
2386.679
2591.306
2186.927
10811.047
127405.206
25195.425
1963.195
3489011.093
4014.288
1882.693
2566.396
2832.085
2295.629
2468.627
10730.214
7017.413
1038.317
1175.719
1324.977
1375.848
1350.218
2016.375
1487.471
1513.49
1895.509
1099.066
1448.621
7254.495
774.867
1064.474
1799.832
880.577
8611.489
1467.497
1707.032
1484.662
10122.734
2241.192
1711.427
937.845
1198.887
1597.343
1394.612
1316.523
1261.583
1073.369
1012.306
3311.357
1142.065
1445.172
1121.356
1073.407
1316.346
1017.441
856.162
1701.293
1327.996
1093.526
2118.174
11741.515
3174.242
1508.618
1393.799
1214.218
1325.033
1223.255
1268.274
1383.738
1513.772
1907.046
1359.881
1338.632
1676.064
1355.872
1394.436
3177.31
1826.434
2151.562
1948.231
3024.243
2302.382
13283.236
20153.445
1887.453
2231.02
2157.784
2310.701
11609.786
1645.74
1801.199
1881.341
2287.248
1999.944
2698.849
2461.742
1982.157
1955.086
2874.132
2705.704
1868.66
1548.274
1779.099
2642.903
3911.198
3277.812
1906.567
1819.502
1707.326
1434.885
10686.805
2457.891
1572.864
1502.266
2681.219
1204.824
969.441
1888.372
1315.06
1302.892
1477.769
2917.55
1406.064
1832.057
1482.137
1160.901
1099.711
1127.347
1306.354
1042.226
1092.054
1636.533
1336.04
1955.1
1632.143
3177.107
16249.941
1310.898
1602.361
1439.099
872.381
1165.606
1928.649
13930.926
11356.341
1705.95
1268.932
1015.747
1055.649
1128.796
1333.703
1741.39
1627.438
2553.684
1555.046
1575.6
1490.704
1519.055
2002.738
2272.501
1835.847
4813.232
3712.827
2575.238
2758.711
16903.502
5328.071
3225.169
2746.105
2155.698
1857.407
5850.349
2066.679
1882.783
3160.275
2415.886
2006.745
2621.548
6475.588
2086.034
2634.932
2446.052
2256.833
2589.527
2208.937
1516.484
15198.904
24782.557
5315.534
3946.42
1903.077
1303.011
2590.396
151961.019
21246.618
1584.491
1791.043
1551.417
1326.332
5702.074
1222.587
1437.801
1195.97
1013.929
1460.214
1403.897
938.245
3018.348
1080.322
3361.483
1610.715
1494.04
1906.963
1681.116
1351.441
1075.026
1408.787
1669.957
2219.754
1590.522
5543.371
1506.442
1188.521
1487.978
1302.664
1688.197
1160.986
2367.815
1432.906
1596.607
951.657
984.259
1365.926
1352.078
1255.06
1190.528
1313.319
1452.928
1435.268
1904.178
1438.829
1724.067
2451.484
2249.088
3006.242
3424.506
2483.782
2313.117
2230.116
1675.811
2129.539
2112.888
2051.38
1841.341
2149.496
3063.517
2113.269
2791.85
7689.047
1788.821
3137.928
2615.541
2552.382
2370.698
2968.611
1712.943
2372.827
2643.321
1919.827
2163.428
8604.754
4219.757
9092.962
1797.0
1532.033
1482.023
1285.036
1768.988
3750.4
1207.507
1276.247
6286.088
1610.003
1376.96
1191.684
1009.3
1517.406
1692.848
1168.338
1053.73
1150.106
2248.436
1775.257
1943.523
1420.117
3569.302
1392.49
990.438
1190.997
1507.184
1503.916
1490.353
1420.09
1042.648
1122.661
1575.239
1691.143
1841.736
1922.883
1461.884
9267.81
1042.609
1407.987
1350.262
3992.843
1810.033
1187.336
1051.107
1181.044
1758.109
1896.207
1079.32
1849.384
1869.002
18466.391
1210.437
3217.029
2250.992
2047.812
1707.211
1816.516
2053.123
7068.939
1773.135
1536.494
28844.919
14863.634
4401.198
2146.265
1882.676
3009.813
2415.268
2022.746
1845.969
1866.494
1926.965
2486.767
1884.578
2498.788
1927.829
1478.374
1619.2
967.64
1172.639
1005.618
1181.251
1687.679
2789.877
2231.087
1221.806
1112.391
2690.817
1690.294
1553.077
1406.997
1149.72
1310.736
1878.994
1272.601
1341.181
1716.306
4736.839
2750.822
1291.124
1833.741
1045.911
1331.62
1414.717
1099.992
1232.595
1537.14
1836.199
1432.528
1038.625
1428.872
1119.239
6492.446
1224.044
1083.676
1758.894
2419.833
1940.296
1481.785
1578.945
11335.759
2741.941
1489.836
1949.739
1401.15
1286.069
1543.433
1358.305
1012.065
1336.22
1309.591
1580.026
1120.7
1173.758
4315.681
1807.804
2190.757
2705.548
2299.834
1967.033
3412.876
66018.474
10623.307
2353.686
2021.331
2528.505
3890.432
1843.788
2364.563
1912.738
3155.988
1791.328
2427.29
1860.456
1908.656
2133.118
2569.086
1714.724
2242.836
1700.423
2435.2
2636.365
2370.148
32789.017
13928.605
19568.011
1242.574
1579.645
1830.188
1463.94
2458.378
1579.692
1577.642
2299.967
2491.854
1720.676
1674.779
1391.857
1962.152
3972.763
1356.736
1192.15
1192.773
4148.264
1138.541
19377.023
46898.397
1225.63
1419.526
1474.226
1672.337
1301.761
1350.631
1454.796
1115.143
1130.39
1123.174
1178.089
1890.387
1473.081
1353.953
1966.699
3254.616
3496.708
30128.189
22643.933
1305.251
1423.3
817.791
827.975
1273.737
1142.569
2073.951
1057.736
1042.583
1546.998
1061.423
1582.774
1632.273
1936.659
1552.342
2258.88
3650.463
2426.162
1853.027
4501.819
12293.25
3025.256
2141.719
2419.529
2926.813
6462.372
2425.386
1754.851
1987.995
2475.641
3493.871
2404.272
26614.514
2157.656
1899.927
4611.606
1792.406
1947.113
2188.814
2203.617
1665.764
6358.91
37431.215
2475.405
1608.663
1472.88
1466.084
1476.462
1255.562
1355.387
1664.59
1674.22
1130.629
1122.204
1048.612
1238.663
1711.508
1551.759
1492.032
1615.239
1299.499
1364.058
10888.498
5117.538
1618.792
2733.053
1421.317
1483.139
1290.105
1047.957
1856.814
1328.518
1382.088
12885.392
1119.438
1149.533
1239.863
1694.603
1375.58
2804.563
1366.658
2091.976
1504.889
4826.909
4980.387
20110.608
20883.189
2461.644
1337.127
16187.338
2100.27
1733.0
5388.606
1001.388
1082.412
1035.249
1464.545
4479.826
6157.361
1844.042
2859.719
8575.72
2954.235
1621.158
2167.303
2223.015
2938.701
2142.418
1965.78
2738.417
4039.398
1899.733
1722.163
2616.687
2860.08
8644.8
4732.304
2575.589
2221.348
2016.617
21206.125
31542.456
13601.028
6599.417
10072.527
1176.889
1320.147
2738.157
1768.132
1904.225
1374.716
1415.674
21916.737
2316.026
1965.579
3656.103
8566.859
11687.695
3004.477
1907.155
1814.542
14493.435
1954.613
1629.854
1802.784
9046.942
1125.987
1206.959
2448.401
1174.203
1609.763
3157.41
1263.685
23196.689
2087.052
1382.705
1478.932
3519.406
5334.974
1492.852
1425.055
1779.078
5232.318
2047.114
6857.225
3541.202
28014.153
2077.172
1343.608
3221.459
1087.118
1342.006
5980.301
1208.942
36318.411
21653.19
1184.578
6523.243
2870.269
2295.537
2118.199
2103.808
27564.809
4105.461
7123.473
6702.273
4981.229
2717.863
4062.541
9079.467
4379.754
1969.941
3066.751
3580.843
4682.9
11152.831
3431.288
6835.297
2550.612
11611.161
2503.9
6653.62
3196.871
111966.231
2740.255
8077.658
13261.791
15616.066
2196.265
102162.649
1256.638
974.264
1080.363
1385.635
1120.043
3403.907
3665.271
1433.923
3127.135
2138.707
1609.117
4488.872
18890.941
1446.49
1888.29
2107.862
1492.706
1384.145
1221.22
1997.714
4367.356
1426.206
8893.981
2101.32
1100.699
34173.54
1595.113
1024.165
2908.575
1322.562
1303.86
1065.094
1152.688
12926.419
3867.928
1288.898
1362.948
2414.953
1201.995
1394.808
1036.993
1195.548
1901.46
1766.766
1598.114
2156.643
1265.355
1309.79
3808.147
1226.998
4302.28
1987.778
1650.807
2509.186
8658.49
6750.872
22172.557
3311.925
2538.581
2339.527
2026.953
2204.624
1722.367
2082.729
2258.636
6897.828
2369.061
2087.266
11736.813
2001.221
2366.156
2475.735
2750.324
2168.173
2858.709
2930.279
3099.759
9176.588
40676.808
5211.549
2224.139
1052.805
2778.717
4316.857
8771.369
842.143
1009.245
1405.177
1096.928
1255.142
1299.774
1518.703
1289.994
949.094
1157.333
2540.787
1396.887
1015.524
1672.185
2173.904
16055.054
1593.11
1677.245
2266.891
1414.475
1481.805
1461.783
2728.82
15790.476
1947.145
1318.745
1345.756
8070.233
1442.127
1270.982
1544.238
1094.779
2729.31
1681.61
1238.879
1829.685
1698.838
1705.087
1450.168
1810.672
1980.639
1725.677
1291.674
1083.426
1029.314
1613.945
1614.602
3254.987
3344.453
2298.582
2420.983
2180.047
32380.588
51095.702
2560.2
1811.943
1973.155
4331.031
2863.176
2049.99
2706.31
15782.059
2152.917
2849.547
1640.208
1562.232
17875.968
4071.389
2244.098
1624.855
1904.642
1730.615
1905.816
8605.627
15739.111
14508.725
2812.979
1481.068
1111.529
9138.374
1392.397
1386.531
2390.95
6722.337
3640.26
1301.335
1110.408
2096.86
1978.154
1351.635
1178.901
1413.199
5998.594
1473.133
1243.078
1679.357
66340.218
2205.918
1529.413
1489.84
1601.938
1938.28
1173.928
1541.19
1266.01
1830.957
6387.963
1177.533
1801.426
1456.33
1262.885
2477.911
1547.686
1911.699
1390.569
1506.201
1356.524
13974.554
3325.953
2106.351
1804.576
3262.522
1534.253
2040.742
1397.718
1459.026
1777.449
1659.708
2689.688
5712.585
1018.456
1456.691
1175.684
4553.621
1622.208
1578.769
2144.043
1656.506
2168.035
4467.632
91128.078
13232.875
1962.029
2436.612
1870.76
2550.148
1629.251
1683.378
3503.394
2065.182
3380.052
2111.31
4578.031
45803.738
7826.918
4198.953
2022.136
1193.575
1444.301
1302.049
1438.695
1719.893
1708.464
2468.585
2133.536
3921.262
1770.562
1457.602
1777.883
3222.776
2374.969
3449.838
12791.98
1508.102
1178.344
2607.606
8213.914
1416.068
3202.375
2884.771
1967.868
1430.555
1458.091
1593.118
1576.197
1284.631
2636.771
1486.722
23271.528
2558.884
1357.453
1421.833
2306.698
1360.357
1585.601
1771.631
1226.813
4784.01
6913.239
5004.841
1301.957
1476.427
1652.147
1236.911
14466.92
1328.482
1577.816
3150.105
1881.212
2905.102
10705.584
1698.612
21832.854
5280.683
1376.989
1577.394
3332.923
3505.367
2600.496
4430.793
4531.097
2660.196
2469.612
2472.081
2117.956
2483.922
1536.903
1431.938
2425.801
2619.826
1882.411
1944.915
5113.78
1681.869
2054.94
2757.305
2249.163
2472.191
2642.871
2319.371
7084.259
3621.744
4346.066
1696.788
11435.162
1617.954
1789.994
1619.49
2963.142
2635.261
6165.924
1475.742
2257.516
1694.638
1226.674
2512.598
4451.969
1738.419
2084.36
1878.535
1246.99
1415.167
1277.691
1585.752
1160.523
1749.474
7558.428
1458.363
1497.064
1517.173
1350.929
3679.243
1542.403
1226.644
2685.491
1890.31
4161.099
1621.662
28279.193
9339.077
1407.052
4194.681
8254.676
2224.651
1192.434
42608.229
2925.739
1517.094
1514.46
1231.041
1550.211
1427.309
1352.557
1253.954
1438.241
2055.052
2764.143
5894.973
11652.747
8826.347
58359.663
2626.636
2638.293
1578.646
1624.927
1551.027
7563.891
1768.772
17315.201
9935.953
56027.313
19744.699
4968.372
19084.361
17300.179
17270.645
24493.878
3373.409
1959.694
11290.623
33476.491
2813850.014
1482.841
1559.695
55493.846
1602.948
1762.044
3929.607
24225.161
5189.389
44738.0
88115.395
7980.88
9017.304
8220.31
8125.947
14038.217
2004.118
1456.356
2206.434
5746.882
2745.756
2780.665
29560.297
198020.417
5473.697
11403.918
11032.407
43751.181
45478.94
23777.11
6274.512
1584.171
3608.303
5219.743
1833.756
7681.555
23009.684
3727.406
5901.502
5610.431
11847.909
48084.26
1398.245
2974.843
1503.9
1778.958
1744.724
1389.673
1482.294
2417.16
2632.343
2458.664
2641.879
2807.202
2315.228
2946.056
14420.99
10488.808
2700.953
1861.805
2044.104
2906.817
1900.806
1697.562
1844.166
1712.167
1844.575
1485.355
4216.235
2101.786
2495.608
2208.962
2131.526
5551.789
2459.282
3661.965
2619.661
3512.565
67179.593
4674.234
2083.134
1221.85
1489.554
1269.961
1887.45
1641.969
1874.822
1277.364
1732.125
1206.117
2639.656
2109.785
2306.283
14091.678
1297.182
1540.909
3082.943
1439.313
2459.725
1109.496
48827.264
13202.794
1548.611
1464.072
1044.432
1473.897
2585.053
1351.852
7188.676
1611.162
1407.194
1509.066
1167.188
1820.855
1957.936
1596.363
1380.912
2059.2
1835.31
5686.799
1556.596
2173.026
13528.056
2457.214
1244.747
2423.371
2147.343
1160.389
1468.337
1177.604
1358.201
1952.578
1584.643
2877.893
1158.782
1065.336
1094.437
1358.135
1916.525
1895.721
2841.105
2296.154
3606.973
7562.552
11374.441
55513.112
2303.645
4043.255
2162.889
2268.813
1552.886
1734.519
1436.817
1430.386
1962.525
2195.954
1918.259
2028.102
2507.459
8821.788
2539.208
1776.365
1175.003
1657.876
1490.906
1793.3
1459.288
1367.839
2460.59
1394.618
1026.734
3101.861
1573.506
2537.205
1727.692
9616.193
2275.803
8246.86
1701.285
1347.044
1328.33
3355.898
4750.93
4918.85
1741.303
1498.582
47290.996
1693.012
2045.262
1382.01
1205.488
6088.263
1097.95
1670.786
1142.839
2703.124
1859.963
1620.311
1293.722
1676.554
17578.05
1300.716
4534.98
2056.551
4217.323
15061.799
1405.936
3936.436
1509.969
1806.578
1452.892
2789.816
1673.533
2551.966
1237.506
2002.853
8144.556
1390.639
1446.784
4755.528
3014.761
2732.548
2535.016
4250.739
13935.7
41311.67
19906.366
11034.761
1708.477
4839.765
5387.181
2677.804
7620.384
5152.672
8995.686
1547.356
2061.033
34763.981
8746.924
24455.431
51516.925
10996.972
23617.02
16047.541
3237.521
8330.23
4342.751
2456.12
3001.168
1392.358
1889.594
1132.83
1705.758
2978.918
1457.141
1196.133
1766.877
6089.602
3648.701
71545.545
1887.458
3095.72
52919.299
5800.299
3283.352
134851.022
11592.994
227142.984
32147.349
2132.666
2661.203
1093.969
3583.389
4220.268
4047.012
2038.594
27268.238
2220.646
2620.304
1184.517
4282.186
8785.739
8941.391
7307.725
5474.21
1726.375
1593.866
2760.014
2547.888
7625.289
1291.302
5868.012
4245.079
1444.773
8076.857
1023.894
5741.839
1404.554
5784.345
3840.21
2904.509
269790.591
198948.241
193388.729
6728.79
7326.507
3022.151
3592.582
13696.237
2262.641
4653.871
6220.445
28751.816
3704.222
1792.98
7282.661
1950.454
5043.588
4758.629
3057.68
42919.988
9172.931
6883.726
16717.093
2222.971
2318.43
5807.531
1540.63
1848.456
3193.15
1559.102
7424.104
1897.534
2844.042
6062.829
53094.693
3387.938
1518.493
3858.536
1569.145
11819.573
1482.711
13181.886
4251.714
50647.784
1806.143
1123.612
1128.952
1950.085
1314.456
3618.58
9769.17
8282.247
8415.38
1302.288
1242.66
2039.316
1244.94
1112.558
1542.346
1894.304
3733.761
10312.501
4231.158
1631.4
10948.195
19520.132
2369.27
2043.034
2380.602
1676.804
1263.62
6408.164
1056.566
1497.458
1423.649
2293.59
1875.751
1951.285
3717.652
2114.514
2476.797
18882.922
2359.283
2850.107
2355.554
2323.373
2497.58
2523.384
3753.522
2571.657
1866.665
2886.604
2764.744
2294.287
1856.639
6776.793
1981.281
2863.926
5908.94
14379.199
3798.262
2685.329
2360.212
6754.339
2235.321
5069.614
10645.401
1369.221
1159.394
1460.734
14893.489
1624.178
1449.192
1623.853
1372.609
1629.891
1659.412
7850.133
1167.791
7108.15
3672.828
1405.197
3503.893
34414.479
11419.132
10398.787
5921.806
1991.191
1921.465
33871.851
9485.502
41616.971
3158.706
7621.658
3161.873
16631.716
6013.2
5752.485
9991.744
11336.91
5960.936
1733.034
1251.466
33856.112
8940.468
35026.628
1918.225
12327.423
407681.071
16944.47
2754.882
24643.435
2759.443
34268.421
1484.564
5947.724
4813.096
24213.264
1128.615
1725.688
1532.836
2162.139
2812.752
2493.983
15748.711
2480.385
2179.857
1901.628
2351.133
2451.755
1971.215
1879.876
2567.625
2966.618
2030.056
2508.194
2662.496
2446.837
2146.497
8928.478
2253.917
2350.388
1483.362
1536.426
1624.41
1871.43
37220.743
6604.138
2742.349
1651.59
2028.445
1990.206
5297.313
92638.336
45281.591
96452.795
3192.493
6361.108
1124.532
1403.246
6455.614
2275.862
2169.657
3508.638
4452.417
31427.626
8111.417
1573.047
5231.367
997.427
10490.211
2084.465
10221.133
53671.217
7574.842
5716.101
146972.804
40921.511
1693.631
2385.57
10788.826
26910.895
1517.683
7704.533
2737.248
1808.14
1656.386
2222.047
34872.552
3129.948
4777.251
5430.189
1634.916
1957.583
15339.19
11947.892
3423.999
24277.611
60245.751
20781.443
8015.985
27785.927
3717.412
11505.856
3410.539
6042.416
5884.721
3631.998
2705.275
2544.613
28855.591
40695.668
16605.424
13863.656
37223.686
8240.592
7644.95
16529.616
2308.868
9690.802
96803.875
120471.059
76459.904
131458.952
63960.471
1892.445
1489.224
937.208
5815.564
13762.156
70066.661
88765.052
1497.761
1306.241
1280.064
10577.676
1964.837
2666.121
2248.256
1416.814
3642.688
2650.38
2940.455
15831.413
1384.727
17648.575
2064.874
1563.048
2439.641
1423.493
1588.011
1007.751
10607.299
6884.518
1154.625
3960.1
2494.261
6264.55
6207.144
4573.011
2700.809
1725.022
1668.869
9358.662
1798.559
1943.965
22181.269
5286.686
8998.896
7696.112
3779.973
1259.615
1890.308
27509.9
1996.276
7728.558
3027.141
9004.485
218995.105
258659.032
91092.953
5440.679
5933.337
215226.887
18131.606
16045.348
2110.306
24235.923
2847.22
30303.099
60976.671
123966.364
1889.069
1673.04
2511.014
9592.312
2976.626
2808.285
3657.808
11463.959
16557.989
63841.859
328030.042
4225.195
12035.63
9251.327
8987.335
24952.82
2803.462
5961.89
1128.921
22835.109
54760.712
124606.655
23438.541
4347.4
5226.419
3189.003
3218.53
14247.264
20417.024
5585.165
34160.727
208318.172
83579.761
2376.519
1579.013
1193.234
1846.55
6250.493
67736.857
2619.5
1438.948
7487.842
12226.942
5011.974
11427.617
1157.551
1567.614
1857.948
1764.587
9766.984
4307.339
2359.816
1525.981
1012.865
1913.236
1446.326
1329.126
1898.792
1741.979
1969.566
1253.783
11204.146
2335.318
1845.063
7595.757
1155.934
3972.025
1961.56
2433.252
2610.854
2519.251
16326.013
4032.486
7478.914
13372.418
4694.078
2322.967
1990.858
4350.399
3787.867
192359.311
58128.719
1608.654
1624.866
1115.27
2359.932
1453.013
1636.736
2850.011
6537.925
1421.933
1589.035
1695.991
2486.054
7078.446
1209.423
2399.317
985.056
1255.032
1149.481
1524.379
967.779
17616.305
5782.192
11906.626
1493.091
1420.393
1187.475
1084.251
1169.157
4741.153
4057.504
1257.373
1633.878
2276.961
3031.755
1432.397
1476.59
1753.38
1178.224
9785.63
2092.001
4658.549
1390.798
3672.436
26048.234
22075.484
2709.068
5466.372
3370.136
1671.996
1546.394
13570.436
11583.936
3134.572
17131.842
1388.454
2447.471
12928.257
7462.616
8302.095
26175.341
5052.572
3155.453
3538.409
50863.122
12825.607
19830.813
17088.366
77540.062
2384.743
2231.347
1943.773
1963.299
4777.955
2041.373
4758.365
1705.88
2248.103
47553.907
2327.505
40514.687
25541.545
1663.343
3239.599
76981.137
346980.135
4935.06
2699.75
3611.64
1721.094
40660.533
18537.594
2468.752
1732.911
6327.895
1583.135
2530.338
1805.731
2406.352
4286.288
10855.469
1230.499
1033.528
2303.862
1081.151
904.958
11966.949
3254.004
9149.793
1322.732
1738.536
1181.768
1424.227
2189.233
1301.094
1914.239
3949.352
8371.31
3023.835
33777.34
13792.627
45836.404
28022.243
10880.89
1491.139
2614.345
6718.727
6909.77
1801.648
12064.852
8242.014
17244.145
24057.942
5638.007
1870.167
10215.923
8725.777
27466.973
5702.816
2301.211
6089.584
1886.445
52937.172
15731.846
4564.407
2328.885
7408.955
88202.638
28238.397
4590.662
30734.426
11826.284
2962.943
2135.783
2344.023
45431.187
5187.744
59755.823
202678.532
27071.651
3467.533
10140.643
4671.814
2696.47
250616.902
2653.342
4025.031
1753.794
9217.587
15620.689
119202.869
1673.867
12754.766
1544.541
17880.693
3780.495
1117.308
42771.638
1816.971
9835.678
5608.231
5705.308
38643.845
1495.787
4936.778
4002.778
1291.868
6604.72
1498.606
1642.022
37502.252
1150.122
21177.259
1068.834
1594.653
2426.817
2673.052
167344.242
8094.633
717502.219
4447.203
17314.126
6405.406
5864.154
46870.852
1877.808
2048.322
1329.869
7345.85
4520.172
3000.456
33714.184
99273.806
1689.197
1414.839
8128.773
2625.882
5054.402
6766.92
2325.54
71778.857
69248.1
26821.35
4674.746
6402.131
6752.58
1965.942
19616.258
3193.315
38336.704
8225.729
43123.545
1599.636
3000.736
3375.205
2189.28
10353.934
8936.865
5415.119
40810.211
105805.329
3617.299
2079.189
7910.146
8649.976
1771.887
4619.583
103054.778
3766.158
6892.868
82328.679
4994.627
5981.249
1543.726
4822.728
1441.867
2153.255
1579.926
10814.946
8197.204
9890.03
8612.262
2115.775
2116.963
1506.154
2240.319
1443.371
2232.484
2583.8
5087.247
3098.556
10129.309
3456.686
3607.147
2156.43
5573.683
1185.049
1790.217
1554.114
1668.352
1251.473
1285.785
1512.04
1841.382
826.446
1208.863
1813.649
1058.022
1792.063
2018.388
7508.105
17530.666
3614.095
2876.046
2394.689
1850.756
17572.348
2463.295
2772.549
2374.086
3059.471
2687.844
2648.719
1883.016
2255.804
2626.548
1571.878
1734.774
2429.274
1605.531
14114.854
2857.576
2393.124
2561.744
13058.232
2292.571
1728.939
1418.651
1217.217
1472.977
1248.486
2634.018
10583.603
1450.631
1704.176
1554.146
7327.29
1874.883
1422.6
14312.33
9449.019
15836.665
1298.805
1276.942
1369.765
6738.332
1334.157
1209.885
1481.442
1219.795
2734.813
1221.838
2514.213
1481.757
2705.401
2045.352
1650.57
5487.507
1331.385
10512.999
22502.486
67509.415
52200.516
8701.526
1586.354
10191.604
1815.144
1445.97
2953.638
2097.597
2832.602
2194.47
8014.183
1904.91
3398.539
2888.247
7384.497
1665.032
8126.737
1753.934
1825.827
1617.766
64466.448
18214.498
2230.183
2495.243
5634.907
5982.141
2347.173
3191.112
2105.892
3442.433
2011.606
1769.652
1805.42
2540.517
2218.791
2178.856
1951.028
1711.854
1648.354
1706.094
1958.487
4495.451
2056.004
22669.135
2674.301
17787.128
4935.192
34199.43
1730.084
24670.006
2922.03
16875.1
6220.274
20351.508
2578.83
2876.492
3401.454
1156.413
14011.151
1537.707
1885.982
3669.719
1488.204
2412.993
1805.924
3118.038
6690.614
1418.759
1371.624
1355.798
1167.129
45290.876
19908.129
4405.823
1656.183
1461.687
2131.103
2944.043
34532.55
1786.144
6020.056
1231.135
1413.999
1722.392
1184.682
11001.271
4656.472
7553.126
1085.592
1475.166
2281.507
1290.846
1159.94
1400.504
3734.404
1529.989
1627.921
2041.334
2579.596
6314.643
18956.497
2868.408
4079.73
3013.333
2621.377
2544.111
13341.828
2182.842
42231.934
2856.774
2103.778
2149.973
3818.54
3806.843
2263.304
2826.248
2565.291
2593.219
4682.271
2487.475
6659.537
2168.951
1943.784
14984.621
4461.345
6847.473
1461.169
1124.487
2633.431
1035.725
1922.015
1561.725
1197.996
1644.354
1550.899
2505.957
1584.918
1243.979
1603.031
9742.563
5342.196
8598.403
3632.547
1180.37
18691.916
17902.766
7289.242
1584.643
2344.739
1426.016
1597.839
1495.531
1338.564
8914.686
1218.863
1271.597
1474.883
2092.756
2854.536
1243.205
1309.269
1474.798
1283.818
1210.978
927.097
1037.334
1516.789
15762.235
2020.158
1499.773
1512.042
1338.116
16277.138
1326.747
1304.866
1175.019
7460.929
1599.035
1880.546
1525.474
1673.127
1872.38
2586.01
1599.74
1706.823
4110.003
2407.202
3332.44
33795.901
17154.315
1880.953
2568.629
4332.295
2205.481
1928.335
2036.141
4839.21
3900.248
2380.651
5210.736
2086.881
2545.531
11100.858
10583.857
5235.93
1796.46
1808.864
1529.628
1474.288
1317.112
4119.463
2078.49
1424.212
1764.433
2061.513
1796.813
5682.971
1128.063
2843.569
2189.476
1642.036
1285.144
2486.601
3999.177
4829.304
1562.379
4633.1
1725.596
1393.238
972.826
1207.006
37321.686
39150.948
1252.183
1174.89
1595.775
2595.102
1350.811
2123.771
3753.345
1654.535
5194.167
1466.322
6028.576
18913.098
10526.057
1189.182
845.674
1163.596
1102.759
1409.18
875.63
1187.9
1513.59
1773.098
1278.911
4542.451
1126.561
1342.513
1439.948
1273.829
2904.467
2400.043
2894.372
6610.144
2883.477
2148.367
97724.709
14685.824
2773.566
2381.009
3551.123
2678.429
2726.614
5841.591
474832.596
3419.591
1450.926
1725.439
1473.91
6632.02
5981.898
2640.292
1853.571
2573.95
2053.652
4476.171
2632.355
62173.685
28387.909
34640.175
2286.698
3871.277
3231.444
6134.256
1540.004
1505.867
1451.783
1370.412
3074.11
2133.375
1609.153
1531.058
2442.455
17721.317
33131.893
9990.665
2691.894
1802.074
2772.469
2064.025
4923.525
4386.462
46177.839
100489.201
25378.722
3232.035
2525.821
1329.389
1404.315
1137.94
2284.131
1406.449
1074.587
1170.069
1623.088
1871.182
13603.046
10318.908
2523.792
3617.016
1435.459
1161.799
1488.712
13142.052
1576.666
2033.216
1593.658
1426.585
1391.053
3672.023
1571.037
1453.684
1131.1
1364.866
3417.579
2268.883
1952.731
10066.074
57304.986
17837.422
2489.491
2286.768
1837.616
16169.602
4245.56
2159.206
2123.059
1906.837
2427.894
3061.685
1759.357
6799.905
1849.85
1797.997
2413.541
4047.418
3573.523
11946.085
2119.154
30750.582
11318.4
2845.786
3389.528
2122.523
1735.201
1161.004
1891.706
3658.78
1570.753
1389.263
1741.563
1144.616
1297.945
1695.748
1163.363
1762.151
1533.314
15290.584
3333.099
1214.344
2464.213
4883.279
3571.231
1056.368
3926.783
2593.281
1689.882
1266.2
930.256
1326.109
1470.311
1783.247
2108.665
1386.846
1217.156
1442.6
31480.931
1511.243
1516.884
1396.329
1936.462
885.436
939.208
4096.39
4216.251
1590.047
2089.242
1330.274
1489.865
1997.809
1747.827
1178.597
1232.651
1690.419
1076.504
26307.858
1848.681
2302.222
1930.325
2669.762
3812.177
3262.101
2020.229
2369.844
3395.036
2132.504
2781.134
4210.923
9208.831
2206.689
2043.189
2414.107
2198.927
2472.793
2244.584
2322.223
2097.021
2136.913
3048.444
2169.807
1963.25
1814.863
3343.287
4432.934
8769.107
2257.768
1129.786
1513.058
1078.642
1107.628
145788.607
1400.951
1550.611
3924.216
1805.862
1523.728
2055.189
1259.131
3910.972
6762.554
1804.882
18799.245
2148.63
1291.926
3953.792
3666.802
1148.764
1751.814
3623.705
1415.71
1541.783
1143.268
1361.339
1038.246
1341.811
1668.475
1158.66
2005.508
1514.885
1820.477
1228.89
1066.163
3382.065
1500.586
1503.189
6565.966
94819.939
15004.262
2180.428
3808.53
999.95
3156.73
1137.029
3255.863
1258.944
4324.413
1427.796
1263.761
977.718
1310.244
1335.724
2135.873
5611.634
26875.216
2245.016
2541.232
3762.678
6795.317
56185.745
6099.641
3497.83
2227.658
2014.333
2334.312
9123.123
3090.991
9499.191
8262.895
4054.32
2019.938
1596.86
1554.715
3502.156
1932.061
1756.393
1798.02
1966.898
11663.187
2980.35
23349.144
50023.245
22424.776
1803.256
15999.876
1700.401
1554.155
1133.202
1122.62
3636.953
1391.874
4991.576
1449.78
1654.3
3198.179
36508.651
14081.966
1278620.428
977.692
1264.799
1322.082
1329.162
7465.048
1142.068
1460.298
1981.637
1684.873
1222.825
3470.227
4711.219
1482.401
1251.535
1922.976
4131.288
2388.847
1542.066
18871.435
48612.566
1441.172
1627.437
5595.92
1842.876
1372.142
1108.961
1151.279
1097.634
2069.738
1512.202
1557.788
1361.148
2197.665
1124.226
1225.27
5717.537
1502.743
2773.591
2065.912
2121.357
67099.907
17415.349
2508.378
2550.091
2941.175
2453.973
15838.675
1834.131
2752.11
2912.638
8659.306
2917.201
7221.642
2378.917
1743.213
1844.26
7340.788
2728.903
2923.308
1637.608
1515.972
2296.035
3319.422
23345.463
9186.439
50127.673
48696.933
63304.192
22523.641
14935.675
51229.7
11618.49
45181.342
10465.369
11085.819
97888.449
49213.169
6487.726
3981.715
1660.828
1325.127
2147.649
23883.373
1520.51
1620.277
1627.906
1193.239
1209.519
1462.678
5438.431
1759.16
1310.214
2726.064
2076.826
3198.907
1749.543
1245.069
1610.762
38348.914
2508.343
1572.495
1069.859
1594.24
19180.371
1537.297
6121.401
3933.257
1439.61
3597.47
4963.063
5860.191
2593.656
3917.568
1265.122
3949.89
1710.826
1393.856
2222.565
3375.183
27034.423
35947.137
13309.144
12927.134
8980.316
1959.557
1788.467
2504.425
2328.247
8689.785
2181.157
2580.685
12101.318
2656.811
3026.586
3090.511
10164.791
2311.123
9957.498
3148.323
3073.413
2580.484
2354.192
2922.716
2459.843
4184.935
30527.012
2696.005
1683.12
1505.596
4148.483
1621.13
1111.524
1128.387
4150.144
1473.0
2528.122
1192.011
1951.273
1404.094
3063.339
1939.541
1645.612
4246.119
20494.611
5428.469
1196.961
1513.666
1798.807
1059.153
55576.288
16635.542
4264.569
1080.019
1095.357
1131.067
1895.046
1363.99
1356.3
1824.462
2000.867
1164.467
1740.733
1711.728
1521.819
1462.005
2476.282
1987.856
6509.78
1353.755
1733.044
1317.362
1344.169
1330.041
1918.419
2092.082
1487.908
3225.991
1333.965
1413.307
1792.998
1099.311
1087.026
2938.994
3193.633
10702.852
1947.992
2046.746
1932.997
1990.666
1829.081
2213.192
1552.376
2135.211
3322.445
3061.84
2398.934
1940.213
1891.381
18674.735
8640.801
2278.308
2091.439
1631.645
1690.655
1796.858
1043.381
1146.894
1238.161
2982.044
1233.489
1404.306
1283.84
1115.504
1431.048
1853.601
1564.96
1064.573
1325.904
2634.028
1639.126
2314.53
1700.318
1489.102
1156.444
1443.163
9784.279
1679.051
8580.982
1270.759
1122.204
2841.938
2187.938
1521.979
841.52
1078.946
1186.056
1093.196
1023.882
1143.699
1257.298
1296.628
9628.822
10630.509
9787.266
1139.839
1089.553
1265.808
1739.702
2228.76
1461.766
1290.898
1506.361
2175.715
1108.504
2558.125
2594.016
1034.192
1093.816
1263.137
1292.117
2063.493
1903.278
1689.706
7272.28
8243.144
15572.553
1581.326
1986.957
1974.146
1765.585
2510.22
2717.211
2202.689
6420.969
2183.685
5018.225
2040.893
2787.97
2601.232
2431.089
2599.741
2495.717
2653.719
2300.059
2034.247
43749.239
4909.847
9156.045
2466.68
15988.09
1275.702
1324.065
1309.607
1435.212
14166.642
3843.532
1145.893
951.856
1125.725
1369.74
1281.901
17493.703
3215.585
1422.464
2064.673
833.226
1315.041
1478.062
1248.319
2064.461
1589.274
1596.538
1376.601
1809.855
1218.65
971.03
1614.578
1125.134
1014.1
11107.057
1584.448
1189.139
1729.074
7334.173
45134.09
1624.451
1163.933
1782.744
1413.125
3444.832
1477.74
1470.667
1270.225
2286.324
1505.856
1326.563
5015.999
7426.015
2302.847
10632.379
1431.308
1284.858
3209.195
5780.3
2304.699
16738.549
5319.112
3550.051
1668.769
2548.904
1846.044
1781.498
1660.207
2983.4
17946.671
2535.059
1727.004
1624.543
2525.336
2340.112
11005.307
2120.695
2693.498
2457.806
8261.201
3005.818
2884.132
38503.952
26701.233
22746.373
2258.314
2377.037
3096.741
2285.832
2372.699
1234.415
1355.024
1246.289
1493.231
1868.833
1555.387
1363.343
1204.649
2321.962
1536.761
1707.707
1688.652
1479.022
1193.307
1549.373
14622.935
12717.748
2626.226
1261.338
1853.801
1591.019
2157.486
1919.119
1251.584
2266.014
1691.904
1213.541
1668.2
1184.997
1201.091
1155.151
9164.343
43339.103
1327.528
1071.289
1070.777
921.707
5046.207
1710.809
1439.816
1509.033
1349.635
1741.333
1399.289
1244.761
1598.42
1701.331
1469.814
1472.263
20085.515
7998.264
16418.945
3614.862
1528.938
3950.994
14184.081
2170.033
1934.397
2337.658
2011.43
2470.287
2229.546
1673.625
2132.124
1515.391
1980.329
1932.472
2761.444
1905.919
2219.963
2123.984
2489.553
2418.487
2590.293
3021.293
2337.978
5741.307
2776.527
23166.211
2101.404
2036.425
1430.33
1544.939
1582.121
2318.164
1552.193
1471.81
2433.774
2035.041
1018.375
1105.174
1493.338
2183.65
1288.497
1251.94
1338.525
1220.602
1497.635
4583.105
2879.052
1485.058
1311.901
1333.707
1395.427
1281.919
1087.761
1888.706
3467.625
3703.703
1157.157
2412.972
3089.483
1300.931
1579.769
1930.463
2578.86
1550.042
1000.35
1479.344
9243.017
3881.293
1695.977
4409.127
1601.933
1322.821
1801.611
1660.227
2179.641
1113.694
1056.571
1334.475
1578.949
1289.715
293933.262
1435.845
965.692
1044.915
1889.117
2215.921
1934.221
2026.748
2324.872
16166.715
32143.104
2274.602
2223.829
2501.053
2167.717
2511.714
5317.338
2387.508
1982.727
1725.714
1966.133
3510.836
4782.541
2786.296
2601.892
2370.406
1456.39
1355.483
1180.803
2188.94
2193.165
1300.765
1806.433
1056.485
1168.148
1018.151
1881.245
1025.327
2794.968
5247.672
1780.262
1381.354
1704.199
6288.374
2868.865
1934.297
2384.416
1745.296
1443.371
1380.705
1747.151
4308.578
1449.256
1563.222
1596.12
7162.773
1313.97
2009.358
1837.105
10667.149
1242.156
1769.807
1146.36
1265.494
2484.34
27402.097
1146.441
1150.467
1342.984
2606.743
1566.427
1502.162
12126.352
1465.429
1231.877
1870.504
1801.75
25059.306
2421.062
1142.318
1934.163
1721.587
1710.855
2065.033
2230.887
2389.836
15591.181
24972.591
3945.521
2755.03
2965.445
2317.619
2062.093
2374.168
2442.082
1926.103
2352.75
2891.242
2478.08
2160.505
1615.675
2742.854
2696.058
2655.291
2300.188
2570.66
7062.325
2183.816
9649.602
21860.125
18023.173
2161.714
1715.95
4892.882
1969.51
1087.415
1215.043
964.02
2052.924
1204.894
1528.9
2522.613
32239.804
1179.357
2248.696
8210.488
6835.693
1104.219
2839.775
1429.011
1556.902
1652.048
1773.342
1366.153
1870.086
18105.196
2816.881
1468.622
3181.497
1510.171
1861.355
1622.716
1605.171
1915.353
1737.094
1662.611
7300.983
8050.121
3160.377
1445.264
1147.319
1123.212
1284.882
1631.303
1180.573
1491.666
1892.164
1826.592
2153.957
1333.426
1905.147
4502.958
2245.206
1126.627
1831.45
1470.93
2206.953
2031.216
1916.041
9373.624
11965.462
2240.974
2508.687
1899.062
2025.875
2202.894
2041.503
1683.003
2995.435
1731.945
4444.215
2216.418
2167.686
3205.446
2858.096
5020.952
6337.956
1986.202
2997.868
1817.036
4139.028
31562.567
112466.853
9844.171
3374.964
4255.734
1469.566
1866.713
9028.774
923.051
2500.485
2409.158
1149.873
1878.188
6103.864
1363.732
1143.671
1418.423
1021.24
1255.205
1305.033
1448.859
1950.575
1271.79
1428.104
1524.307
2335.758
2421.044
1069.399
1840.471
4312.253
2059.928
1493.975
1591.686
1310.731
1267.982
1128.832
1034.837
1335.43
1246.633
1216.587
1165.652
2457.887
937.097
1657.331
1632.838
1599.133
2125.121
1613.052
1101.264
4598.366
1127.484
1572.561
1091.993
10704.666
1465.288
1364.694
2730.66
1548.995
101748.026
43183.491
8221.915
1857.987
2085.197
2588.76
1698.663
1996.193
2041.482
1749.708
1985.196
1775.918
2312.099
13355.368
2030.643
1577.815
2023.575
2180.562
1795.491
2017.787
2453.739
2315.001
7115.05
21420.594
11403.924
2785.545
2656.736
2539.461
2300.802
1528.241
1701.862
1244.155
1318.884
865.058
1391.401
1048.84
949.665
916.994
1188.854
1057.653
1942.979
1701.905
2272.891
22866.804
4384.668
11360.664
3568.701
1221.485
1814.43
1628.203
1124.704
1028.394
1203.813
1298.273
1186.513
1241.258
2392.576
1466.154
1653.987
1574.324
8123.651
2055.762
1231.762
2150.802
1164.38
1521.897
1189.961
6332.598
990.509
1219.241
1944.967
1250.838
1698.245
1303.856
1414.382
1716.904
1283.882
2000.635
1522.373
1681.792
1372.394
1540.548
1132.361
1452.204
1352.755
1439.68
1634.471
2062.314
22439.778
25195.565
2920.546
1919.406
1909.097
2678.511
2564.013
2259.536
1708.69
2879.945
2621.922
2373.71
1789.063
6772.423
2553.766
8360.307
1558.031
1695.437
5533.823
2111.444
2570.387
2620.101
1528.015
1113.222
1016.421
2713.768
1901.088
18266.475
1168.577
1319.91
1793.969
1788.711
1366.253
1220.118
1701.276
1197.145
1608.68
1210.766
1243.204
1266.043
1486.577
1431.549
4234.598
1513.765
1597.288
1203.217
1367.675
1381.245
1896.679
1786.139
1435.383
2269.969
1641.468
1636.981
4127.902
1238.101
1947.42
4277.267
2288.471
3385.022
2493.724
988.487
1381.1
907.097
1415.083
1366.551
1248.965
1373.92
1242.639
12927.334
1705.865
1302.004
990.449
1642.204
1597.513
1799.788
1356.22
2551.649
18486.662
6639.372
7679.424
7514.36
2296.007
2115.856
1860.602
2438.211
1903.414
2329.8
2390.347
2160.778
4755.039
2223.899
1699.685
2263.642
2255.964
5862.838
3923.876
2252.769
8379.095
2555.21
1813.652
3022.856
23509.85
6576.168
3997.117
2276.2
2792.792
1373.955
1643.264
1963.033
1292.128
1968.037
1061.995
1654.003
1145.829
1241.461
1514.437
1221.112
1311.39
1379.848
28443.883
1652.518
1059.509
1183.747
1484.847
1658.622
1158.737
1050.286
1295.018
1268.518
2060.751
920.343
1678.57
1520.629
1541.777
1398.254
1426.667
918.482
2390.2
1148.068
19862.901
6548.739
4949.874
1594.597
1538.449
1337.452
1331.091
1252.157
1397.338
1523.907
6853.308
1666.432
3275.65
1220.275
2124.319
7608.71
1688.522
6962.065
1308.73
2747.919
1892.351
2342.429
2197.891
16388.764
8936.499
26771.798
2306.926
3996.599
1726.676
1436.125
1476.86
1663.681
2044.287
1866.119
1777.558
2458.704
2159.826
1593.075
1815.614
3383.683
2513.344
2202.782
2255.285
3063.433
2677.664
3602.58
5997.748
4491.371
2302.503
2097.54
1558.713
2190.675
1259.391
1323.83
1736.471
2167.735
5970.03
1202.396
37082.905
1427.363
1201.394
1156.548
1716.196
8086.304
977.326
1362.923
1758.008
2414.724
2784.077
2601.837
1134.696
1510.614
1195.839
1697.997
2116.284
1631.83
1542.671
2289.903
1421.358
2342.384
1778.674
31304.762
2008.048
1653.664
1779.839
1181.304
860.756
1684.266
3757.64
8876.977
7520.34
1105.652
4282.705
1280.863
1199.166
1245.599
1568.021
1159.261
1098.578
1664.352
2111.978
1444.248
1976.922
1940.363
7871.26
5423.137
4361.099
3143.131
5852.622
1973.219
2354.862
3972.895
2138.742
2263.9
3473.154
2340.628
11926.862
2023.546
2599.569
1756.302
2447.744
1773.27
1862.285
1614.934
1952.506
2104.642
2500.23
14061.645
2420.933
2292.493
1794.051
2101.437
2338.816
1557.978
1138.979
1459.475
1411.699
1370.59
1608.26
915.295
1994.452
1772.757
1161.218
1976.64
1239.511
1243.974
1674.578
1950.42
1094.213
1643.467
3149.186
1784.791
17449.578
1233.764
2674.871
1282.2
1065.062
1320.331
1869.98
1386.49
1524.964
3944.601
1538.969
1728.827
1555.943
1409.045
9064.457
3383.794
1198.523
1061.65
986.918
1421.543
1821.567
1471.406
1033.232
2868.02
1334.745
3522.851
1263.157
1357.871
1110.011
1269.849
5855.93
1695.826
1295.997
1539.308
1635.779
1219.123
1431.165
1144.124
1840.83
1626.613
1895.974
13042.599
2440.624
1629.204
2376.212
2477.935
2312.543
1928.755
2441.772
2577.918
2235.132
2143.419
4199.138
2493.321
1958.81
1820.793
5215.747
1882.623
2137.658
1715.821
1566.282
1331.614
1123.444
2421.541
1052.391
1060.163
1899.359
1517.575
1876.02
1556.909
1255.634
1404.116
2051.782
1811.57
1430.49
2433.05
1193.395
1359.199
2009.952
1417.085
1499.604
1867.052
1758.522
1317.255
1512.903
1281.854
13701.58
1028.093
2354.549
1490.369
1475.959
5295.865
1635.366
1466.664
1423.308
1142.994
1565.224
1707.362
29189.046
3143.508
1032.905
1207.154
1448.305
1220.421
5296.464
1413.309
1404.856
1527.934
1163.827
1496.641
1080.352
1009.281
1035.113
1359.019
8653.643
2026.633
1982.118
2811.134
2111.829
2231.633
31221.232
2959.413
5884.531
2366.611
12021.197
1693.506
1473.586
1390.897
2110.111
1949.418
1804.856
1912.447
2582.659
11397.538
2281.835
1649.663
2208.313
2089.35
2023.587
1831.937
2111.252
1839.811
3189.711
19226.365
2444.979
1724.818
1758.496
6765.454
9532.3
1208.585
976.422
1184.759
1535.084
1831.433
1607.359
898.723
16435.379
8313.337
1144.484
784.745
1108.913
1867.807
2022.528
1297.431
1938.107
1616.305
1097.447
1064.397
1133.379
1060.725
1611.116
1351.213
1267.092
1101.303
1821.625
1079.802
1019.622
1031.463
1274.382
1265.755
1199.517
5958.804
1151.158
19480.438
13405.085
4579.294
1437.478
1412.191
1086.289
1028.296
1109.551
2250.674
1612.695
903.788
1099.897
1020.048
2000.559
1120.636
1382.483
1873.608
1291.179
1556.111
7094.125
1459.857
2521.731
2491.597
9454.367
5898.36
2328.959
2598.049
2231.803
1606.727
1940.108
3744.291
2609.633
21111.133
6443.796
5736.27
1774.741
1598.692
1464.865
1525.16
1582.303
2357.16
1653.171
1676.831
1885.399
2152.141
19974.86
39051.992
9553.081
1915.188
2151.306
1832.465
1200.086
901.494
1189.563
1806.818
1308.517
1658.42
1854.291
1224.486
1470.598
1658.722
1401.311
2081.083
1444.436
10243.458
1143.452
1736.949
20427.107
7144.433
3579.762
1027.937
1445.56
1371.779
1375.539
1179.263
1124.389
3932.571
930.827
1416.891
2125.972
1432.76
15785.933
1511.239
1344.944
1803.84
1424.587
1341.221
1294.956
1151.498
12361.153
3292.175
865.011
1429.765
1586.209
1543.633
4872.288
1992.948
1346.058
1394.936
1757.935
1066.025
1798.695
1308.655
2137.357
3517.034
29329.384
13643.795
22390.233
2591.128
1525.218
2002.588
1846.437
1824.158
1756.93
1863.293
1969.327
2062.349
2980.708
2332.784
2119.907
2482.79
1939.348
1872.886
8415.887
2504.762
1701.065
1703.557
2197.869
5811.469
10110.224
7876.632
7659.66
18909.378
2486.677
1559.991
1225.652
1474.597
1435.486
1337.216
1596.249
1338.325
6964.705
817.76
959.915
10157.941
4266.64
1571.126
1605.353
1676.801
1499.923
4992.503
3422.61
1005.908
1095.656
1417.055
1165.723
2642.277
1624.281
1380.395
1217.302
1443.328
6108.533
1414.057
1580.744
1270.715
1216.626
1271.397
1699.028
1322.236
1602.941
1443.022
1208.486
3615.123
2918.372
2003.492
1824.777
4871.614
3883.265
1250.555
3072.155
1235.814
1211.485
1438.175
3107.249
1080.756
1447.809
1193.56
1145.192
945.174
2314.776
1578.48
1323.773
1863.822
1639.71
3682.696
2504.24
1858.34
2269.509
1883.087
2334.909
2223.252
2189.873
2853.558
2958.483
2014.854
2247.602
3910.924
2111.353
3177.245
4009.1
1813.875
1453.417
1436.131
1934.32
4152.633
1786.782
7878.446
3300.821
10071.25
2277.949
1173.497
2090.646
1376.756
886.301
956.113
1119.23
1153.303
1130.868
985.33
1283.073
1335.332
1149.612
1237.689
3075.594
2458.271
4081.609
1660.839
1609.135
1378.25
29919.547
1009.864
1493.053
1518.712
1155.303
1375.688
967.323
1744.996
1457.325
3377.703
1487.619
1310.845
2168.155
1103.009
1404.237
6673.164
3849.9
5148.77
2679.089
1625.874
1307.96
1460.666
921.649
2939.293
2126.363
916.285
1739.377
3085.69
1574.396
1195.357
996.831
1104.813
1608.935
1209.819
1326.269
943.852
1784.717
2194.239
3109.406
16401.002
10271.211
2373.065
2437.506
2272.545
2784.198
2218.268
2151.194
2047.778
4945.003
2318.913
2798.399
1799.453
1882.057
26786.409
2160.383
2001.801
14485.403
1624.859
1980.905
2096.012
42867.113
64895.349
2063.027
2209.806
2020.218
1807.068
1357.236
987.209
1183.506
1522.895
1157.655
1402.091
1105.961
910.769
1381.967
1468.832
1447.855
1397.625
1078.729
1266.843
4304.551
1289.202
7140.09
3849.646
55881.696
30108.695
1096.035
927.781
1191.714
1133.346
1089.637
8346.603
1134.189
1186.12
1149.001
854.225
1223.476
1912.866
8223.902
2525.843
1474.632
1506.315
1693.806
1309.143
1655.357
1412.225
2885.971
1417.503
1592.689
1299.434
17099.303
1101.382
1047.522
3955.582
2599.328
1274.011
1152.537
2182.851
1750.449
1498.498
1699.991
2535.141
1971.81
1526.045
1870.66
2246.932
2043.326
2899.505
2443.821
1659.288
1993.558
2290.924
1949.393
2146.722
2023.945
2228.392
2106.007
2175.84
2560.443
2255.393
2647.173
2684.539
44740.044
21553.376
4793.355
20661.23
7149.208
1657.011
1930.502
967.666
959.255
1322.023
1468.07
1208.508
1349.059
979.156
1161.076
1538.855
1433.601
1777.337
1260.503
1640.495
1302.254
5530.325
1979.981
1493.138
1500.568
1355.923
1572.59
1970.644
1321.501
1587.87
1146.795
1486.433
1193.792
1370.952
1454.733
7386.764
1413.949
1013.226
1317.174
1948.608
1599.033
1385.517
1639.69
2927.782
6378.716
2147.447
1297.003
1906.998
1660.572
1569.971
15230.461
1153.523
1152.047
6673.733
1017.366
1370.106
1272.203
2451.241
1493.56
28912.169
1839.117
2605.8
6999.029
1758.242
1816.742
1805.714
2117.516
1662.081
1890.604
2048.726
1996.872
2071.466
2022.895
2103.713
3271.322
1699.418
1895.938
2216.332
2745.345
2505.24
2293.33
3206.889
25804.082
23275.488
5008.453
2285.108
1446.456
1758.934
1045.41
3335.697
1048.124
1827.529
1547.889
8568.36
1310.037
1503.768
1224.689
1243.436
1063.554
1299.872
1518.71
1434.393
1350.713
1408.642
2571.603
20999.852
1638.541
1162.489
1520.003
1583.448
1536.977
1578.243
1974.034
1221.962
1099.277
1052.975
1054.385
1463.792
18978.324
1188.137
1264.047
1216.217
9317.527
1050.686
1024.922
1845.827
10160.103
3189.755
950.693
1859.887
1507.418
1128.68
12430.513
1330.042
5177.167
1596.972
1891.182
1199.295
1486.731
3448.564
1281.238
1039.534
1180.344
1041.882
1088.363
959.401
6282.655
2039.255
4017.386
14591.104
14925.7
1929.081
2158.385
2230.852
7333.152
2403.345
2352.241
2163.363
2089.143
2230.937
1797.049
2143.92
1960.394
2484.374
2299.222
2761.279
1969.04
2057.596
2608.844
2548.833
4580.546
3077.846
18593.919
3394.032
2382.708
3039.49
2050.785
2378.176
1843.913
1004.409
1792.149
1319.122
1413.863
1198.55
1046.642
2858.554
13658.799
1068.134
2843.748
1763.666
1554.234
1692.173
2596.251
1387.884
1606.562
1020.948
1649.947
1243.808
2256.726
1528.776
919.649
1178.706
1318.932
1021.719
3054.273
1629.036
1495.666
2414.734
933.84
1333.565
2695.782
4979.505
2201.561
1196.968
1853.243
1376.044
1632.361
1456.842
1342.03
1315.412
1719.025
1672.061
15032.455
2051.507
1607.789
853.798
1485.1
2751.279
1380.9
1782.743
1655.183
21200.659
5455.4
1889.944
2365.851
1959.742
2368.845
2050.119
1588.94
5491.692
2931.418
11267.707
2249.0
2458.731
2582.026
2249.937
3197.736
2040.64
6663.726
2092.163
2496.331
2137.38
24470.796
2247.213
3155.342
2559.053
1603.317
2268.234
2018.247
1608.619
1472.704
1524.787
1363.838
1826.563
995.846
1132.929
1431.949
1132.011
1512.397
1489.282
1438.728
1033.911
1203.412
1133.125
1295.828
1315.244
6211.434
1569.96
1379.753
1536.082
3815.516
2791.027
3435.524
2949.466
1076.748
941.766
2086.187
1410.562
1290.125
1489.16
3289.435
14142.626
2218.008
1187.138
1324.441
2315.337
1106.412
1791.075
1588.505
1936.28
1268.76
2014.632
1501.179
2708.805
1105.529
1259.049
974.857
1168.862
2793.337
190131.806
1427.235
1156.77
20261.693
18697.79
2322.853
1725.677
1851.585
2220.781
1872.419
2189.928
2217.31
2713.483
3047.774
3842.924
2650.599
2489.768
4436.831
1788.345
2275.843
2175.06
2767.981
2152.86
2409.798
1906.217
3619.615
12696.907
8022.017
4500.904
2807.208
2099.509
2373.353
1232.694
1099.335
2588.953
1238.597
976.695
1223.636
1293.116
1611.109
1230.72
1628.197
1340.545
1265.925
1317.267
1080.814
1040.333
3743.95
4470.17
54355.151
1950.82
1808.522
3095.385
5019.616
28559.869
1473.778
1269.499
1826.741
1321.56
1449.142
1191.094
9591.869
1825.993
1223.355
1100.228
942.82
1230.838
8153.169
1389.657
22694.765
16295.589
4343.547
2374.026
1970.781
1433.117
1560.394
1162.844
1474.488
2635.577
1544.066
1103.427
1200.853
1173.648
1294.653
1864.491
7383.026
42855.885
1658.732
3016.568
2259.651
2123.542
1827.505
2623.102
1936.977
1621.238
2195.383
2352.842
1891.107
1548.211
2274.235
3136.623
2714.864
2305.122
1825.364
2306.589
2442.362
2373.793
2818.891
19777.276
2364.117
4315.968
1511.534
3875.326
2652.106
1771.723
1690.131
1016.335
883.044
812.92
1554.063
3163.791
1215.704
3421.051
1144.058
1370.895
1607.75
1639.554
5588.035
1807.785
1309.488
4663.753
2838.468
1421.465
1672.942
1211.518
1371.484
1396.162
3263.944
19361.243
1949.426
1548.133
1091.359
1898.825
1104.598
1340.689
1583.33
1448.627
2224.749
24331.626
1167.01
1601.068
1336.839
1631.435
2439.749
2016.525
967.902
1217.772
1387.853
1441.099
1564.375
1480.222
2468.288
2000.272
1016.963
876.903
1152.703
1058.573
1224.669
1555.971
977.286
1388.026
1734.326
1171.959
6918.512
2169.701
29028.893
3360.618
2506.383
2310.651
2385.716
2022.074
1721.48
1756.708
1703.573
2265.785
2668.942
6509.31
2268.872
4547.014
1932.652
2242.074
4704.676
2107.604
2260.975
18599.576
2056.05
2686.827
259087.864
1664.561
1607.82
8347.034
1712.637
1465.075
1685.305
1335.189
963.549
1025.014
1101.972
1138.444
892.596
1879.767
2243.712
2291.803
19225.282
23664.904
1197.526
1464.816
2183.018
1248.548
1321.268
1431.201
1174.657
1026.475
12560.028
1156.33
1005.36
954.033
943.291
1665.186
3069.71
1323.62
1379.188
1342.313
1185.079
1783.641
1476.904
2314.975
1507.579
1311.844
1214.629
1086.487
1059.579
1637.868
1454.737
2081.352
5012.601
1496.942
1919.702
1129.485
1448.693
2461.909
995.871
885.953
4617.051
1431.194
1804.422
2808.627
5970.705
3291.448
18190.574
1585.655
1871.349
1962.258
10650.103
2471.792
2308.379
1796.253
2276.085
2342.889
1948.484
2451.1
4277.622
4560.354
2131.824
1830.076
2312.888
1623.047
3155.417
2708.937
1879.591
13957.362
9901.206
1898.843
14040.571
2458.92
2893.409
1455.122
1809.361
1242.28
1053.375
1157.038
5879.188
905.942
1288.016
2014.511
826.819
29352.565
1610.899
877.208
950.431
1943.571
1147.178
7603.283
6377.837
1271.462
1322.345
1222.812
1643.695
1378.574
2053.759
1395.981
1462.3
1614.023
1615.916
1019.314
890.936
986.552
2769.519
4732.074
2043.442
2924.858
2852.002
2465.561
1857.101
5630.668
48855.572
18567.783
2702.701
17535.055
4782.946
3325.186
2428.857
1458.503
1766.593
3495.1
9695.782
2701.766
1768.195
2651.106
96584.994
9041.163
30694.686
37040.132
4512.668
70984.732
378035.449
39996.86
396005.481
191112.972
67818.783
17088.023
7826.051
22513.034
9024.552
28870.581
86680.115
2342.903
40419.585
4107.915
4417.452
4652.237
1587.574
2322.834
2099.318
2729.392
22599.187
5027.825
1558.888
1810.257
1938.573
1543.655
1169.529
1268.563
1303.287
1242.154
1076.85
1479.74
44090.073
5067.96
9071.236
1521.092
1281.813
4684.061
32469.508
1294.572
2446.748
1346.329
1524.729
1677.721
2294.616
1329.708
22619.965
7186.985
1653.562
1739.454
2287.137
2970.404
1257.134
2498.949
1214.544
970.99
3952.331
3318.851
1393.387
1755.942
1593.519
1393.599
2116.668
2630.107
3670.896
1488.555
1171.358
1441.419
1386.574
14588.194
1389.576
1237.401
1542.351
2505.719
2420.293
1701.718
1905.348
4889.182
1940.852
2031.222
2063.129
1424.553
1976.381
1774.049
2198.253
3270.171
2089.946
1275785.5
1465.424
2045.721
2217.039
2457.504
2291.844
2057.164
2040.839
2064.763
2943.728
2418.89
2005.445
2412.155
1934.482
1293.073
69925.717
76103.818
14860.687
2554.664
3181.723
2010.05
1649.23
964.829
3073.588
1427.996
1678.126
1126.69
1615.515
3857.027
1348.196
1523.251
1664.171
1169.011
1137.363
1243.482
1246.699
1544.571
1157.861
2533.059
9452.787
1498.932
1486.442
1567.72
3230.014
1309.286
1602.891
1214.209
844.118
1685.076
1467.209
1767.939
1298.473
1945.441
1550.214
1392.436
1096.423
2161.125
1317.987
946.937
1252.192
1333.413
1755.469
1271.215
4414.816
1454.13
1055.94
1470.947
1160.653
1267.548
2051.352
1495.333
1951.157
2227.267
10487.063
3079.368
1955.891
1876.111
3790.545
1522.859
2436.457
2571.017
2747.523
1433.454
1688.365
2077.588
2455.133
2302.047
1758.019
2871.055
3071.309
1767.682
2335.106
1873.523
1696.925
1606.767
1807.155
1623.906
3274.979
2488.699
5815.292
2383.103
1646.927
1435.787
1512.219
1434.947
1300.953
1668.622
1842.893
1862.092
1303.719
1581.058
1631.241
1317.233
1198.39
1326.116
17801.963
923.875
1591.439
1363.205
1641.011
1508.438
6422.587
1828.727
1775.246
1421.423
1548.982
1944.322
2399.105
1289.068
1903.595
1307.436
1407.113
1410.007
1375.331
1131.509
1323.714
1109.029
1364.02
1166.379
5730.557
1468.922
1162.366
1267.451
1357.673
1214.904
1161.888
1443.529
1567.431
1760.989
1433.427
2118.279
1643.545
1658.353
4061.321
10515.958
9734.11
8758.37
20796.163
27045.181
5573.464
1841.895
2112.662
1845.509
2342.407
2106.74
11364.841
1804.287
2146.948
7450.195
1867.233
2080.619
1849.874
2251.02
2171.211
1869.335
1535.185
1688.621
2826.186
2214.67
1692.72
2013.086
1819.22
1487.345
1381.06
1268.362
1075.373
2013.911
1662.772
1387.139
1654.784
1354.945
1571.302
21216.47
1093.339
1051.286
4057.844
1831.52
1123.648
48114.869
2932.959
1613.743
1659.052
1162.371
1565.653
1501.964
1261.115
44237.432
957.933
2553.572
1526.084
17297.053
1657.683
1735.099
1474.645
1581.505
1234.177
1673.695
21741.535
2383.045
1249.985
1080.947
1004.25
1145.926
1291.022
1428.865
1281.736
1392.041
2161.012
10490.729
2232.364
1358.583
2600.077
1455.125
1449.849
1480.17
1425.571
2110.234
2377.851
2126.696
2119.786
2350.685
2404.227
1868.445
2093.27
7663.076
1862.112
2341.171
3870.847
5528.116
1674.823
2004.734
2943.981
2129.982
1615.269
1425.197
2821.98
2365.243
2425.029
3203.222
3564.681
3684.493
2068.281
1645.393
1805.576
3068.916
2181.022
32692.81
1351.827
1374.0
917.268
1286.451
2372.852
1528.488
1755.459
1291.419
1432.879
10906.571
1492.152
1781.175
1189.263
1537.324
1977.843
1265.611
1572.725
1732.446
1666.674
2900.248
1863.077
1395.758
1329.241
1051.137
1590.172
1504.634
2233.823
1768.908
1550.158
1524.705
2162.242
1582.298
1249.272
1955.086
1611.951
1387.717
5187.075
5805.744
2114.518
2478.223
3339.289
1047.288
1484.131
1134.356
1499.081
1160.953
1126.478
2701.186
1923.793
1537.657
1090.298
1158.304
2347.417
2474.933
1986.663
1499.714
1094.303
8136.035
9093.546
3662.939
1410.293
1954.264
8024.564
2090.499
1979.818
19773.637
2064.273
2601.762
1731.473
3295.608
2470.9
2112.25
1839.889
2402.585
2371.364
1380.719
1555.638
1036.478
1019.025
1452.175
1454.131
1407.253
1745.139
2361.35
3321.319
1152.491
1485.775
1395.276
1003.834
1270.136
1218.664
4714.646
989.177
1618.448
1181.15
1203.166
1407.437
1493.922
1268.464
1740.843
983.098
1120.838
1166.095
1438.345
1264.347
1014.305
914.06
1055.569
1426.139
1954.607
1551.575
1410.477
1185.287
891.391
4221.12
1523.918
1083.422
5931.953
1331.02
1054.639
1304.524
1200.839
1318.642
4768.251
2948.903
4524.95
1001.287
1762.973
1706.135
4751.759
53111.874
1427.037
1830.023
4184.476
3218.037
3059.897
3763.462
4646.769
2087.813
2007.346
2013.635
5075.351
2755.252
4834.226
3361.617
1639.047
2321.574
1561.827
2379.555
1562.853
1892.675
3178.85
1899.245
2264.668
1772.089
1821.425
1631.366
1957.652
2827.949
2970.471
2110.738
2335.661
2267.394
2175.492
2191.891
1645.313
1312.261
1097.407
1527.581
1174.314
1293.96
2406.988
1438.727
1498.29
2238.282
12440.625
3833.104
1261.248
1594.708
1018.987
1270.076
1034.625
1356.834
984.688
2428.853
1334.026
1232.212
1469.288
1416.659
1478.559
1318.269
973.861
1084.286
977.189
1388.308
1556.018
1803.497
12075.284
1519.447
1635.943
1584.966
1832.397
1930.603
4296.937
2333.387
1517.71
2015.718
1383.636
1259.81
1099.229
1391.519
1031.922
2001.765
1412.471
973.294
1602.649
1289.662
1053.949
1646.817
1680.981
1755.001
1741.993
1977.895
12753.508
1966.98
2609.049
2358.667
1746.074
2255.863
2800.732
2151.175
4345.043
2187.634
1891.893
2109.734
2172.268
2153.087
14306.034
6448.553
2524.741
1896.309
2701.497
7362.285
3294.276
5839.338
1548.621
2080.162
6682.034
1735.234
1734.227
1578.249
1319.47
980.673
1142.454
1586.337
1243.525
1474.184
2855.86
1348.947
2226.528
6516.56
3125.61
1784.833
1815.141
1501.252
1473.935
1287.005
1700.948
1443.068
1287.795
1272.929
1429.764
1055.913
1091.73
2258.846
1519.808
1981.35
1087.288
1186.412
1009.361
1482.084
1256.392
6048.267
998.471
1242.188
1239.324
1347.008
1574.049
1526.661
2642.369
9132.293
1221.58
1181.187
1630.186
1164.928
1252.964
2106.705
2829.928
1089.351
12646.518
1290.951
1361.259
7966.715
1870.837
2290.08
2062.36
4629.263
1911.861
1519.628
2194.984
3090.0
2414.61
2781.942
2307.497
2719.26
3084.342
5245.73
2309.273
28728.537
7272.475
6428.244
11157.417
3795.705
8810.674
30723.561
5630.55
8835.475
2094.355
1888.865
1928.398
2188.175
5013.821
1848.035
6241.137
2087.092
6685.133
1313.094
1220.654
1641.424
2339.825
5005.8
1333.664
4733.212
1490.36
1635.368
5298.493
1027.954
1612.655
1522.92
3274.178
4189.486
2505.289
2486.417
3330.785
1702.072
1471.302
1475.9
2031.603
1171.9
2184.043
12008.373
12167.902
965.531
1106.47
1094.484
1486.648
1820.714
1246.158
1208.423
1058.698
2132.628
1307.774
3279.252
2889.45
2847.797
1133.412
2401.955
1202.655
1089.862
1180.72
49915.936
19153.167
1190.764
1584.492
2993.232
1461.065
2507.326
1964.953
20127.322
11603.524
3492.869
70558.517
24191.912
2409.749
3454.095
2245.522
6097.928
5412.404
3024.04
1993.821
1989.61
6763.19
5782.047
2256.147
3117.478
2987.853
3335.208
2168.922
2519.998
3058.875
2370.848
1488.527
2251.995
1463.584
1973.398
2214.28
22209.336
1942.79
1577.158
3878.935
2188.55
1466.975
1485.286
1114.348
3739.359
1143.545
1147.718
1327.882
2538.64
1826.281
1398.805
4304.257
1604.946
11202.323
3100.254
1439.787
2337.758
1224.128
944.663
1562.725
1052.852
3410.859
1290.857
35906.046
