6694.505416861539
6503.354096246154
3902.3865747692307
6149.460880738461
2446.7167812923076
3271.1419539692306
1968.0475273846155
5407.294611692308
2884.9609353846154
3588.340658215385
2947.4133001846153
2665.490447753846
4175.7443328
2023.6889984
3069.1189129846152
3121.091292553846
2375.6818136615384
7678.933404553846
2539.666646646154
2571.335417107692
3315.8765952
2914.4729334153844
4260.920848738461
3405.8142966153846
2949.1628376615386
3455.6047202461536
3168.836111753846
2592.3009801846156
4063.590188307692
2856.48992
3772.5736792615385
4420.712930461538
2611.0282860307693
4782.977743753846
3638.906783507692
2963.041622646154
6078.2904448
3040.299616492308
2592.1474983384614
3238.7993915076922
4569.816431261538
2942.0543232
3622.7926744615384
2649.297205169231
2532.0660371692306
4035.7924420923077
2978.002180923077
2430.356879753846
3964.9343753846156
2780.009116553846
2810.311446646154
2836.1544969846154
3301.076344123077
2965.3699190153848
3959.756894523077
2934.956996923077
2668.2209673846155
4024.3709184
2356.294910030769
2503.5540952615384
4378.710541784615
2761.187254153846
2951.5297841230768
3490.7852297846152
2169.758356676923
2605.503405292308
4149.677897846153
4581.036028061539
2705.9346156307693
4149.724873846154
2184.0210313846155
3263.1430272
2973.5423104
2896.327872984615
3751.6876514461537
2942.682523569231
2808.712788676923
3355.425353846154
3607.8303113846155
2282.885135753846
3358.6493469538464
2668.6314112
2659.3155849846153
5071.1512083692305
2163.2550360615382
2431.1974872615383
3913.5457752615384
2323.9489526153848
2789.9385619692307
4008.1145304615384
2608.3558754461537
2370.414433476923
3874.059957169231
2002.263367876923
2894.139371323077
6782.655964553846
2313.379312246154
2410.7690151384613
4264.891485538462
3369.64512
3000.536002953846
3924.0645336615385
2131.922536369231
2279.7612760615384
3480.7228652307695
2463.4789848615383
2648.3274515692306
2603.155206892308
2003.718392123077
3175.180114707692
3707.2395894153847
4355.320052184616
3207.394569846154
2961.577379446154
3211.4787180307694
3771.1067716923076
4127.3001728
3590.062100676923
4333.882610215384
3638.469356307692
2966.698462523077
4459.144176246154
2580.7931756307694
4606.9762855384615
4488.099913846154
3192.2865211076924
2962.3690279384614
4903.838316307692
3353.7982887384615
2487.3936571076924
4209.180342153846
2747.4348731076925
2700.685019569231
5797.555936492307
4070.1246897230767
4621.983460430769
3502.6431576615387
2834.858998153846
2246.886190276923
3259.3485961846154
3119.0720344615384
3569.538391630769
4460.775861169231
5801.487798153847
4671.665140184616
4691.2740824615385
2822.942108553846
3491.804672
2923.1688024615382
3560.4170692923076
4760.9733376
4854.267811446154
3868.267947323077
5269.851274830769
4161.625384369231
4824.626257723077
5859.940567630769
4395.191252676923
2826.392773907692
3265.7976704
2868.5256576
3933.122388676923
5420.5693056
2740.061506953846
5277.185462153846
5321.0904182153845
4340.868894523077
9288.287983261538
4113.851180307693
3187.889067323077
4246.031674092308
3928.4995810461537
3152.0116450461537
4473.964656246154
2562.8174572307694
3275.4941991384617
3881.385507446154
2260.062394092308
2908.395051323077
3183.131902030769
2290.660672
3293.810084430769
3817.0472448
3125.415737107692
3838.1647862153845
3966.1842244923077
2582.3194761846153
2918.978147446154
4107.695763692308
2775.9656576
3877.4115288615385
5596.750450215384
2745.0994215384617
3050.069745230769
5423.186862276923
3986.2755741538463
4422.5343872
2801.4485996307694
2295.643845907692
3207.490519630769
2553.2574611692307
2040.9404169846155
3403.9985368615385
3874.6881024
2687.9841683692307
3912.570511753846
2388.9050555076924
2601.137950523077
3840.4787869538463
2923.502390153846
2908.743971446154
3152.7760512
2610.5834496
2444.566144
4085.7612711384613
2105.7818200615384
2804.8771131076924
4489.231203446154
2115.3811564307694
2473.8924809846153
4270.4045056
2396.136983630769
2419.253344492308
4616.273451323077
2824.8190089846153
2572.7460795076922
3827.8930973538463
4184.656246153846
3270.664577969231
4838.823221169231
2271.8546569846153
2336.025150030769
3854.4818599384616
2534.0674008615383
2289.1709784615387
6185.506248861539
2402.994375876923
2018.9834781538461
3109.3806503384617
1972.790243446154
3464.295721353846
3103.384489353846
2803.6920231384615
3246.4611574153846
3495.271739076923
2864.091663753846
3255.830793846154
2494.2350355692306
2774.401515323077
3046.7826057846155
3649.9856088615384
2817.1591867076922
2794.0997878153844
2789.9804583384616
2398.322176
5213.792930461538
2610.7164406153847
2170.188943753846
3729.789905723077
2731.015915323077
2407.7067421538463
3397.3568452923078
2579.7000083692305
4398.648377107692
3172.836060553846
2754.9209097846156
2682.1729752615383
4479.085373046154
3076.426011569231
2424.894678646154
3871.320120123077
3161.8597622153848
2426.4369703384614
3717.403505230769
2657.1008541538463
3226.337902276923
5577.7195027692305
3164.8359719384616
2480.6495448615383
4868.308324430769
2244.568314092308
2123.7048408615383
3860.0298614153844
4437.764546953847
2348.4759847384616
3742.860162953846
2962.4768384
2392.5834220307693
3366.954843569231
2521.3633142153844
2276.4625624615383
2851.6501504
2495.667578092308
3102.566129230769
2957.3949705846153
2726.2357464615384
2630.2382464
3075.8975744
2403.041662030769
5542.565718646154
2825.1403864615386
2828.162493046154
4245.073304615385
3607.6383832615384
